0.0
2.9393928050994873
2.9325525760650635
2.929088592529297
2.925558090209961
2.9182193279266357
2.91473126411438
2.9111850261688232
2.907539129257202
2.9002065658569336
2.896580219268799
2.889248847961426
2.885073184967041
2.881580352783203
2.873828887939453
2.8704209327697754
2.8629746437072754
2.859405755996704
2.8568434715270996
2.8518126010894775
2.8494467735290527
2.846938371658325
2.8423213958740234
2.827754259109497
2.8224587440490723
2.818227767944336
2.8154561519622803
2.8094482421875
2.807469367980957
2.805476427078247
2.8133492469787598
2.8240344524383545
2.858910083770752
2.8720743656158447
2.878598690032959
2.876708984375
2.8668746948242188
2.8669521808624268
2.8631443977355957
2.875389814376831
2.891117811203003
2.890859603881836
2.891301393508911
2.8902158737182617
2.8928797245025635
2.9002015590667725
2.9228875637054443
2.9742484092712402
2.989942789077759
3.0190088748931885
3.042269468307495
3.0653250217437744
3.0888097286224365
3.113863229751587
3.1304373741149902
-3.1348109245300293
-3.1207306385040283
-3.1039328575134277
-3.0782971382141113
-3.0434656143188477
-3.0114381313323975
-3.0114381313323975
-2.9427199363708496
-2.8893673419952393
-2.8692538738250732
-2.8787753582000732
-2.8868894577026367
-2.8928310871124268
-2.9002697467803955
-2.9047465324401855
-2.907951831817627
-2.9114768505096436
-2.9125969409942627
-2.914954423904419
-2.9182779788970947
-2.9202699661254883
-2.9244306087493896
-2.9288084506988525
-2.932708740234375
-2.9310710430145264
-2.9302470684051514
-2.931213855743408
-2.938114881515503
-2.942697048187256
-2.94616961479187
-2.951179265975952
-2.969437837600708
-2.969437837600708
-3.0527503490448
-3.0974652767181396
-3.136823892593384
3.1267549991607666
3.1170120239257812
3.108187437057495
3.1011972427368164
3.0962724685668945
3.0910489559173584
3.0862433910369873
3.0836000442504883
3.0845823287963867
3.0857858657836914
3.1024014949798584
3.1296143531799316
-3.1355419158935547
-3.113719940185547
-3.0964715480804443
-3.092315196990967
-3.0628268718719482
-3.042581796646118
-3.021339178085327
-3.0056707859039307
-2.992840528488159
-2.9706664085388184
-2.9661335945129395
-2.930952787399292
-2.924945116043091
-2.901219367980957
-2.8811094760894775
-2.8610877990722656
-2.8447163105010986
-2.826535701751709
-2.78426456451416
-2.7598719596862793
-2.724437713623047
-2.7170746326446533
-2.6893606185913086
-2.663254976272583
-2.635742425918579
-2.613048791885376
-2.576683759689331
-2.523280382156372
-2.4966115951538086
-2.48051118850708
-2.4797887802124023
-2.4745845794677734
-2.453930616378784
-2.443948745727539
-2.4088947772979736
-2.355415105819702
-2.2801194190979004
-2.1891868114471436
-2.0945794582366943
-2.073094129562378
-2.00547194480896
-1.9977953433990479
-1.9979075193405151
-1.9977397918701172
-2.004519462585449
-2.033970832824707
-2.076139211654663
-2.1076455116271973
-2.111345052719116
-2.1160786151885986
-2.1209778785705566
-2.123777389526367
-2.1239707469940186
-2.119115114212036
-2.111950397491455
-2.1133363246917725
-2.114905595779419
-2.1151676177978516
-2.1229515075683594
-2.1642868518829346
-2.1982951164245605
-2.2060885429382324
-2.2135674953460693
-2.223134756088257
-2.2134575843811035
-2.1595420837402344
-2.0966529846191406
-2.096728801727295
-2.1009745597839355
-2.1009745597839355
-2.1018893718719482
-2.1479039192199707
-2.1479039192199707
-2.168250560760498
-2.1786835193634033
-2.1707026958465576
-2.1707026958465576
-2.1707026958465576
-2.117501974105835
-2.1138179302215576
-2.116541862487793
-2.1191158294677734
-2.123278856277466
-2.118544578552246
-2.0956404209136963
-2.0956404209136963
-2.0676634311676025
-2.038395643234253
-2.019249439239502
-1.9852421283721924
-1.979153037071228
-2.0177433490753174
-2.0347909927368164
-2.035900592803955
-2.0259246826171875
-1.9983298778533936
-1.9949642419815063
-1.9646962881088257
-1.9470980167388916
-1.9434887170791626
-1.9195748567581177
-1.9086132049560547
-1.8787660598754883
-1.8682305812835693
-1.858546257019043
-1.8343876600265503
-1.830599308013916
-1.8110753297805786
-1.7938870191574097
-1.7618680000305176
-1.7575700283050537
-1.7391177415847778
-1.7079071998596191
-1.7030502557754517
-1.681056261062622
-1.6763957738876343
-1.6818268299102783
-1.6838362216949463
-1.6895791292190552
-1.6930350065231323
-1.6979972124099731
-1.7030787467956543
-1.698731541633606
-1.6720771789550781
-1.6579152345657349
-1.6624197959899902
-1.6698644161224365
-1.6722923517227173
-1.678271770477295
-1.6727705001831055
-1.6505751609802246
-1.6226602792739868
-1.6146240234375
-1.6185829639434814
-1.6186444759368896
-1.6191753149032593
-1.6191753149032593
-1.6214585304260254
-1.6253095865249634
-1.6335307359695435
-1.6372703313827515
-1.6420629024505615
-1.6448016166687012
-1.6537851095199585
-1.6614910364151
-1.6668719053268433
-1.67128586769104
-1.666441559791565
-1.6656357049942017
-1.6592527627944946
-1.6564375162124634
-1.6564375162124634
-1.6444555521011353
-1.6384700536727905
-1.6367212533950806
-1.6390395164489746
-1.6389012336730957
-1.64285147190094
-1.6457679271697998
-1.650489091873169
-1.661897897720337
-1.6825406551361084
-1.7143909931182861
-1.72739839553833
-1.7348586320877075
-1.7404580116271973
-1.7557700872421265
-1.7610598802566528
-1.7652581930160522
-1.7707716226577759
-1.779821515083313
-1.7904335260391235
-1.7950918674468994
-1.810425877571106
-1.8173590898513794
-1.8228340148925781
-1.8285231590270996
-1.8302268981933594
-1.8391858339309692
-1.8432621955871582
-1.8332719802856445
-1.8271008729934692
-1.7854299545288086
-1.7727761268615723
-1.6776922941207886
-1.671582579612732
-1.6655840873718262
-1.6643832921981812
-1.645411491394043
-1.6001124382019043
-1.5894038677215576
-1.5462228059768677
-1.4949021339416504
-1.4323354959487915
-1.4111160039901733
-1.345691442489624
-1.2974693775177002
-1.2773789167404175
-1.2762243747711182
-1.2757195234298706
-1.2784897089004517
-1.2735779285430908
-1.229892611503601
-1.1816693544387817
-1.1481982469558716
-1.1398783922195435
-1.1441465616226196
-1.144768238067627
-1.147992730140686
-1.1526607275009155
-1.1578702926635742
-1.160353422164917
-1.1608866453170776
-1.1604334115982056
-1.158860445022583
-1.1588722467422485
-1.1597245931625366
-1.1615837812423706
-1.164405107498169
-1.1707587242126465
-1.1755541563034058
-1.1764488220214844
-1.1781809329986572
-1.1802266836166382
-1.1945310831069946
-1.2026108503341675
-1.2069706916809082
-1.2086763381958008
-1.2050986289978027
-1.185609221458435
-1.1646627187728882
-1.1468628644943237
-1.113755464553833
-1.0717357397079468
-1.0153123140335083
-0.9750860929489136
-0.9477291703224182
-0.9182989597320557
-0.8894701600074768
-0.8680732250213623
-0.8382366299629211
-0.8087627291679382
-0.769322395324707
-0.769322395324707
-0.7118809223175049
-0.7118809223175049
-0.682258665561676
-0.6885716319084167
-0.6945807933807373
-0.7005571722984314
-0.7005766034126282
-0.6731444597244263
-0.6709506511688232
-0.6407780647277832
-0.6219735741615295
-0.5968785285949707
-0.5968785285949707
-0.582610547542572
-0.582610547542572
-0.568271815776825
-0.5716226696968079
-0.616827130317688
-0.6592798829078674
-0.6797553896903992
-0.7302432060241699
-0.7681092023849487
-0.7979583740234375
-0.8492431640625
-0.8492431640625
-0.8859938383102417
-0.8981937170028687
-0.9317922592163086
-0.9437258243560791
-0.9607893228530884
-0.9728606939315796
-0.9938250780105591
-0.9978289008140564
-0.9957363605499268
-0.9902492761611938
-0.9795033931732178
-0.9681052565574646
-0.9655290842056274
-0.9545510411262512
-0.9433199167251587
-0.9420954585075378
-0.923534095287323
-0.8909977078437805
-0.865309476852417
-0.8230690360069275
-0.8161956667900085
-0.7736295461654663
-0.748569130897522
-0.7187322974205017
-0.700253427028656
-0.6840537190437317
-0.6764060854911804
-0.6535806655883789
-0.6374941468238831
-0.6256205439567566
-0.6002546548843384
-0.5810919404029846
-0.5635098814964294
-0.5465838313102722
-0.5272670388221741
-0.5127255320549011
-0.49441656470298767
-0.4726600646972656
-0.4501606523990631
-0.43070849776268005
-0.41180121898651123
-0.39594611525535583
-0.374460905790329
-0.3622279167175293
-0.3449476361274719
-0.32939475774765015
-0.31122544407844543
-0.28161317110061646
-0.2518409192562103
-0.2249138057231903
-0.19727957248687744
-0.17150111496448517
-0.14023549854755402
-0.10812821984291077
-0.0916331559419632
-0.0968528613448143
-0.1287207007408142
-0.13692308962345123
-0.14498791098594666
-0.15174999833106995
-0.15963375568389893
-0.16526252031326294
-0.14151257276535034
-0.12529602646827698
-0.12433066219091415
-0.12617938220500946
-0.12428753077983856
-0.12583167850971222
-0.1246504932641983
-0.12419956922531128
-0.12370635569095612
-0.12474693357944489
-0.12594270706176758
-0.13196824491024017
-0.1352137327194214
-0.14192749559879303
-0.15210981667041779
-0.15586461126804352
-0.15835608541965485
-0.15673476457595825
-0.14947675168514252
-0.1489713340997696
-0.13821594417095184
-0.13864116370677948
-0.1393534541130066
-0.13892750442028046
-0.1168496236205101
-0.11157476156949997
-0.09266902506351471
-0.06699366122484207
-0.039977941662073135
-0.023421606048941612
-0.0009885207982733846
0.02337496168911457
0.07905641198158264
0.09290163218975067
0.14943277835845947
0.2414277195930481
0.2897518277168274
0.3790704309940338
0.3992757201194763
0.4914608895778656
0.5621066689491272
0.6405841708183289
0.7215632200241089
0.715884804725647
0.673481285572052
0.6548172831535339
0.6353847980499268
0.6194720268249512
0.6039571166038513
0.6013349294662476
0.5948269367218018
0.5855965614318848
0.57923424243927
0.5724198818206787
0.5618030428886414
0.5479930639266968
0.5333342552185059
0.5220788717269897
0.516110360622406
0.5102370381355286
0.5267983675003052
0.5951765179634094
0.661081075668335
0.6824172735214233
0.6867299675941467
0.6867408156394958
0.6891019344329834
0.690355658531189
0.691878616809845
0.6918849945068359
0.6895207166671753
0.6767256259918213
0.6299077272415161
0.620547354221344
0.6146863102912903
0.6064881682395935
0.5966083407402039
0.5877480506896973
0.5780844688415527
0.5714229941368103
0.5623571872711182
0.5470187664031982
0.5521047711372375
0.6064761877059937
0.6678643822669983
0.6678643822669983
0.7878137826919556
0.8075920939445496
0.819107711315155
0.801697850227356
0.7441978454589844
0.744255006313324
0.7904797792434692
0.8769424557685852
0.8769424557685852
0.9246534109115601
0.977550208568573
1.0326699018478394
1.0861037969589233
1.129216194152832
1.1451807022094727
1.1417644023895264
1.136958360671997
1.1201776266098022
1.1179094314575195
1.1177550554275513
1.1271252632141113
1.1917823553085327
1.2074638605117798
1.2518835067749023
1.264628529548645
1.2641568183898926
1.2599388360977173
1.2417947053909302
1.2124624252319336
1.2010432481765747
1.1890336275100708
1.180174469947815
1.1654938459396362
1.1513241529464722
1.1389422416687012
1.1257686614990234
1.1158392429351807
1.1081972122192383
1.0977269411087036
1.1111760139465332
1.1339300870895386
1.1539252996444702
1.1859710216522217
1.2065144777297974
1.2268619537353516
1.2641181945800781
1.3225277662277222
1.3835477828979492
1.4301807880401611
1.4724838733673096
1.5236446857452393
1.5322980880737305
1.5306427478790283
1.5292216539382935
1.5274416208267212
1.5233755111694336
1.5546494722366333
1.6153308153152466
1.6489862203598022
1.663196086883545
1.7742763757705688
1.8231593370437622
1.820146083831787
1.81719172000885
1.815302848815918
1.844920039176941
1.896308183670044
1.9425095319747925
1.956380009651184
1.9563084840774536
1.954497218132019
1.9430924654006958
1.912436604499817
1.8829669952392578
1.8772432804107666
1.8665618896484375
1.8665618896484375
1.8192417621612549
1.7870210409164429
1.7591793537139893
1.7434591054916382
1.725939393043518
1.721505045890808
1.7072763442993164
1.6752111911773682
1.6432056427001953
1.6172387599945068
1.584059476852417
1.5672262907028198
1.5554710626602173
1.5519920587539673
1.5424489974975586
1.5263704061508179
1.5213027000427246
1.511395812034607
1.539549708366394
1.589587688446045
1.6537383794784546
1.668654203414917
1.7193049192428589
1.7433545589447021
1.7421869039535522
1.7391486167907715
1.7312850952148438
1.7164020538330078
1.7527575492858887
1.7941569089889526
1.837086796760559
1.8517212867736816
1.8504328727722168
1.8507057428359985
1.8619112968444824
1.8719043731689453
1.9396518468856812
1.9462523460388184
1.9930849075317383
1.9894216060638428
1.981856346130371
1.9720804691314697
1.9726660251617432
1.9844337701797485
2.0006325244903564
2.0263662338256836
2.0625436305999756
2.096611738204956
2.109881639480591
2.1158738136291504
2.1359710693359375
2.1608293056488037
2.155857563018799
2.1515419483184814
2.1754322052001953
2.2206835746765137
2.2622740268707275
2.308854103088379
2.3667471408843994
2.406437635421753
2.406437635421753
2.388073444366455
2.3251442909240723
2.307439088821411
2.2976436614990234
2.2976436614990234
2.2694220542907715
2.258284091949463
2.2509191036224365
2.263258934020996
2.277007579803467
2.277007579803467
2.277007579803467
2.2594077587127686
2.2594077587127686
2.2594077587127686
2.244612693786621
2.239274740219116
2.2355732917785645
2.2355732917785645
2.2305843830108643
2.2305843830108643
2.2305843830108643
2.2305843830108643
2.233391761779785
2.2334301471710205
2.2267603874206543
2.22114634513855
2.2075891494750977
2.202826738357544
2.197249412536621
2.1940183639526367
2.188464641571045
2.183405637741089
2.174288272857666
2.1715826988220215
2.166022777557373
2.1571686267852783
2.1549980640411377
2.173168420791626
2.173943519592285
2.189497947692871
2.227466106414795
2.2601852416992188
2.302452325820923
2.336484909057617
2.3724164962768555
2.3836748600006104
2.4306249618530273
2.4808032512664795
2.5090243816375732
2.504908800125122
2.5044848918914795
2.5377869606018066
2.5827643871307373
2.614159345626831
2.619004487991333
2.615091323852539
2.6114907264709473
2.6094236373901367
2.6278576850891113
2.694697856903076
2.708425998687744
2.7057106494903564
2.698274612426758
2.6847705841064453
2.67561674118042
2.6694834232330322
2.6666171550750732
2.658632755279541
2.6555631160736084
2.652733325958252
2.651845693588257
2.672434091567993
2.6688456535339355
2.6581037044525146
2.6470305919647217
2.6391377449035645
2.6304867267608643
2.6347343921661377
2.674243211746216
2.6845197677612305
2.6799674034118652
2.6736183166503906
2.6607506275177
2.654961585998535
2.651632308959961
2.638054132461548
2.5753815174102783
2.5456130504608154
2.5321156978607178
2.5168769359588623
2.4594967365264893
2.4594967365264893
2.4594967365264893
2.40966534614563
2.3922221660614014
2.3757357597351074
2.3915762901306152
2.4269859790802
2.449735164642334
2.4803521633148193
2.4777019023895264
2.473719835281372
2.4695472717285156
2.4659106731414795
2.4494481086730957
2.444155693054199
2.4708826541900635
2.5104916095733643
2.559209108352661
2.570565700531006
2.6272647380828857
2.6690940856933594
2.6922354698181152
2.732501983642578
2.757586717605591
2.760601043701172
2.7841129302978516
2.808727741241455
2.8496975898742676
2.8541982173919678
2.8893985748291016
2.9206314086914062
2.9404661655426025
2.9612412452697754
2.9709599018096924
2.971224069595337
2.9686598777770996
2.956968307495117
2.9557249546051025
2.946967601776123
2.9414708614349365
2.9330923557281494
2.935175657272339
2.9405834674835205
2.9383203983306885
2.9391942024230957
2.931004285812378
2.9253382682800293
2.9170124530792236
2.9106271266937256
2.9047670364379883
2.9000961780548096
2.8895673751831055
2.877202033996582
2.871076822280884
2.850386381149292
2.8438680171966553
2.8298962116241455
2.8234217166900635
2.816709041595459
2.8099474906921387
2.7961974143981934
2.7895848751068115
2.7829065322875977
2.7829065322875977
2.7623231410980225
2.755671977996826
2.7420029640197754
2.7353694438934326
2.7286407947540283
