0.0
1.8082702159881592
1.815407395362854
1.830056071281433
1.8377333879470825
1.8455724716186523
1.8531568050384521
1.8672021627426147
1.8730781078338623
1.8809092044830322
1.8900047540664673
1.9056161642074585
1.9117766618728638
1.918540358543396
1.9246796369552612
1.9311238527297974
1.9426965713500977
1.9547780752182007
1.981085181236267
1.9990005493164062
2.024780511856079
2.043093204498291
2.061728000640869
2.077784776687622
2.1044399738311768
2.1261236667633057
2.1431868076324463
2.157325506210327
2.167048931121826
2.188431739807129
2.2194159030914307
2.254782199859619
2.313117027282715
2.3476064205169678
2.3919270038604736
2.419649362564087
2.435051918029785
2.507216453552246
2.5213985443115234
2.5505130290985107
2.5967166423797607
2.6284148693084717
2.645097017288208
2.645097017288208
2.730177164077759
2.8525781631469727
2.9033000469207764
2.97033429145813
2.987436056137085
3.0747768878936768
3.0851597785949707
3.06567645072937
3.054673194885254
3.0578866004943848
3.059072494506836
3.093827962875366
-3.1298134326934814
-3.119286298751831
-3.103348731994629
-3.0926241874694824
-3.111104726791382
-3.117626428604126
3.1377081871032715
-3.1408913135528564
3.1396093368530273
3.1222667694091797
3.1051483154296875
3.108177423477173
3.1000008583068848
3.0805463790893555
3.0595297813415527
3.0234439373016357
2.9964497089385986
2.962998628616333
2.9639596939086914
2.9741175174713135
2.978264331817627
2.984870195388794
2.9918630123138428
3.0004475116729736
3.0111191272735596
3.021714925765991
3.0360348224639893
3.0424678325653076
3.0491116046905518
3.0630581378936768
3.0795528888702393
3.0903944969177246
3.1140353679656982
3.1310818195343018
-3.137542486190796
-3.0998127460479736
-3.0725836753845215
-3.0447897911071777
-3.012418031692505
-2.9980647563934326
-2.9178030490875244
-2.8383796215057373
-2.7852046489715576
-2.708458423614502
-2.674433708190918
-2.664719820022583
-2.6576223373413086
-2.646653652191162
-2.6404356956481934
-2.6370441913604736
-2.630206346511841
-2.623821258544922
-2.623821258544922
-2.56504487991333
-2.555094003677368
-2.49680495262146
-2.4577510356903076
-2.446056842803955
-2.403280258178711
-2.3599116802215576
-2.346144676208496
-2.319270610809326
-2.319270610809326
-2.269979476928711
-2.258535146713257
-2.245983600616455
-2.2272722721099854
-2.2272722721099854
-2.1916606426239014
-2.18052339553833
-2.173975706100464
-2.1513984203338623
-2.1419925689697266
-2.1358895301818848
-2.117340326309204
-2.102754592895508
-2.0851922035217285
-2.0807619094848633
-2.071234703063965
-2.064884662628174
-2.049720525741577
-2.0095202922821045
-1.9989782571792603
-1.9728302955627441
-1.9340360164642334
-1.924501895904541
-1.8997682332992554
-1.8626593351364136
-1.8540750741958618
-1.816202163696289
-1.7884830236434937
-1.7811810970306396
-1.7634836435317993
-1.740583062171936
-1.731967568397522
-1.7267948389053345
-1.7223292589187622
-1.7143312692642212
-1.711510181427002
-1.7140274047851562
-1.7079912424087524
-1.708449125289917
-1.7058820724487305
-1.7061278820037842
-1.7078851461410522
-1.7087936401367188
-1.7078129053115845
-1.7051979303359985
-1.7049607038497925
-1.704643726348877
-1.703121304512024
-1.7017391920089722
-1.6987844705581665
-1.6987844705581665
-1.696015477180481
-1.693682074546814
-1.6902250051498413
-1.6876285076141357
-1.6873472929000854
-1.6868764162063599
-1.6856493949890137
-1.6856659650802612
-1.6832388639450073
-1.6744892597198486
-1.6632883548736572
-1.6536608934402466
-1.636910319328308
-1.62433922290802
-1.6105865240097046
-1.5969247817993164
-1.5791558027267456
-1.5621802806854248
-1.5465102195739746
-1.5329381227493286
-1.5136444568634033
-1.4981133937835693
-1.4814943075180054
-1.4687987565994263
-1.4551422595977783
-1.4378442764282227
-1.408710241317749
-1.3507895469665527
-1.2956024408340454
-1.2362916469573975
-1.1884413957595825
-1.149733304977417
-1.1064432859420776
-1.0915265083312988
-1.0860544443130493
-1.0706866979599
-1.0434430837631226
-0.9785006642341614
-0.8817510604858398
-0.8191803693771362
-0.78238445520401
-0.750551700592041
-0.7092532515525818
-0.6535946130752563
-0.6034920811653137
-0.5582695603370667
-0.5305734276771545
-0.515495240688324
-0.49665358662605286
-0.48924022912979126
-0.4755192995071411
-0.4642244577407837
-0.47508275508880615
-0.4785703420639038
-0.4779696762561798
-0.47373831272125244
-0.4661417305469513
-0.4661417305469513
-0.4661417305469513
-0.46725085377693176
-0.4692334830760956
-0.4688102602958679
-0.46970945596694946
-0.47352802753448486
-0.47556498646736145
-0.47875308990478516
-0.48387250304222107
-0.48239678144454956
-0.46729594469070435
-0.41074082255363464
-0.36223897337913513
-0.3526150584220886
-0.3467382490634918
-0.34222280979156494
-0.336577445268631
-0.33240577578544617
-0.32686829566955566
-0.3328087329864502
-0.35325682163238525
-0.35231953859329224
-0.3530617654323578
-0.3521524667739868
-0.3551429808139801
-0.35527634620666504
-0.35402610898017883
-0.35108423233032227
-0.3501051664352417
-0.35193464159965515
-0.35337725281715393
-0.35413166880607605
-0.35619673132896423
-0.35552918910980225
-0.35346853733062744
-0.3276057839393616
-0.27857547998428345
-0.25258567929267883
-0.25106579065322876
-0.24872031807899475
-0.24459101259708405
-0.23981571197509766
-0.2356780469417572
-0.2329092174768448
-0.22832347452640533
-0.20273853838443756
-0.14928710460662842
-0.14928710460662842
-0.08170852810144424
-0.021454835310578346
0.010828116908669472
0.018280722200870514
0.05761211737990379
0.07724536955356598
0.13060814142227173
0.17651031911373138
0.1886516511440277
0.18853306770324707
0.19163808226585388
0.221517875790596
0.24092313647270203
0.29325389862060547
0.3508450984954834
0.3508450984954834
0.3851737976074219
0.40459856390953064
0.46310359239578247
0.5086244940757751
0.5291271209716797
0.5336384773254395
0.5421317219734192
0.5455870032310486
0.5492904186248779
0.556894063949585
0.5720067620277405
0.5801592469215393
0.5941123962402344
0.6053500175476074
0.6130226850509644
0.6259697079658508
0.6336045861244202
0.6412398219108582
0.6484233736991882
0.6573816537857056
0.6646605134010315
0.6787275075912476
0.6857067346572876
0.6908156871795654
0.6981037259101868
0.7038325667381287
0.7097057700157166
0.7200940847396851
0.7547548413276672
0.792640745639801
0.8198814392089844
0.8506861329078674
0.8849331140518188
0.9201857447624207
0.9565001130104065
0.9834240078926086
1.006163239479065
1.0283931493759155
1.055162787437439
1.089903473854065
1.1135581731796265
1.1445335149765015
1.1754543781280518
1.2101715803146362
1.2518548965454102
1.2882170677185059
1.317806601524353
1.3561676740646362
1.3829914331436157
1.4185818433761597
1.4504777193069458
1.4822227954864502
1.516228437423706
1.5493500232696533
1.5691990852355957
1.5904226303100586
1.5972685813903809
1.6026405096054077
1.6013363599777222
1.5709806680679321
1.5709806680679321
1.5676778554916382
1.5694665908813477
1.5714333057403564
1.5741019248962402
1.575197696685791
1.5676112174987793
1.5650125741958618
1.5588961839675903
1.5517550706863403
1.5419793128967285
1.5406906604766846
1.516457438468933
1.4908292293548584
1.4633872509002686
1.4526511430740356
1.4449037313461304
1.4524812698364258
1.457240343093872
1.4686269760131836
1.4785336256027222
1.4840871095657349
1.497071623802185
1.5024652481079102
1.519409418106079
1.5261924266815186
1.5344915390014648
1.5499640703201294
1.56840980052948
1.5817779302597046
1.6294533014297485
1.6630226373672485
1.745149850845337
1.8102972507476807
1.851138710975647
1.8811403512954712
1.903761863708496
1.9374802112579346
1.9664376974105835
2.006016731262207
2.0434632301330566
2.066448926925659
2.1119890213012695
2.1688148975372314
2.217447280883789
2.307875871658325
2.4248054027557373
2.485867500305176
2.5265305042266846
2.5745019912719727
2.5914013385772705
2.606250286102295
2.6217832565307617
2.641845941543579
2.668246269226074
2.712150812149048
2.7471272945404053
2.791550874710083
2.826033592224121
2.8838491439819336
2.92441725730896
2.952587127685547
2.9789164066314697
3.0083601474761963
3.031099796295166
3.061011791229248
3.0896363258361816
3.1215004920959473
-3.1316699981689453
-3.1316699981689453
-3.102686643600464
-3.0469577312469482
-3.0469577312469482
-2.992307186126709
-2.944612503051758
-2.9203779697418213
-2.8827197551727295
-2.85444712638855
-2.85444712638855
-2.824085235595703
-2.798823833465576
-2.782275676727295
-2.772202253341675
-2.7518534660339355
-2.743924140930176
-2.7226147651672363
-2.7139482498168945
-2.696290969848633
-2.6863272190093994
-2.678185224533081
-2.669933319091797
-2.673691987991333
-2.666593074798584
-2.6605310440063477
-2.6540637016296387
-2.6485350131988525
-2.6485350131988525
-2.627472162246704
-2.622645616531372
-2.617476463317871
-2.6047606468200684
-2.6000759601593018
-2.5853781700134277
-2.5782060623168945
-2.572279214859009
-2.5555107593536377
-2.547271966934204
-2.540179967880249
-2.530787229537964
-2.491658926010132
-2.454674005508423
-2.4021353721618652
-2.3653669357299805
-2.3102965354919434
-2.2643918991088867
-2.2357490062713623
-2.2068018913269043
-2.16200590133667
-2.126955509185791
-2.0990676879882812
-2.048532724380493
-2.0107297897338867
-1.9217759370803833
-1.845078468322754
-1.757843017578125
-1.7009426355361938
-1.600799322128296
-1.5220947265625
-1.4639109373092651
-1.3784929513931274
-1.3559417724609375
-1.3833818435668945
-1.420685887336731
-1.453316569328308
-1.4454087018966675
-1.4284285306930542
-1.4344481229782104
-1.433903455734253
-1.4170503616333008
-1.3224300146102905
-1.2328940629959106
-1.1556029319763184
-1.076826572418213
-1.0461839437484741
-1.019451379776001
-0.9979243874549866
-1.0101150274276733
-1.0190120935440063
-1.011572003364563
-1.0156035423278809
-1.0420421361923218
-1.0523546934127808
-1.038034200668335
-1.0693784952163696
-1.074689507484436
-1.058422327041626
-1.03435218334198
-0.8900606036186218
-0.8204565644264221
-0.774001955986023
-0.7601597905158997
-0.7520759701728821
-0.7409694790840149
-0.714586615562439
-0.6643240451812744
-0.6367234587669373
-0.6253182291984558
-0.6010314226150513
-0.5663281679153442
-0.5560929775238037
-0.5377932786941528
-0.5003984570503235
-0.47323301434516907
-0.45203763246536255
-0.4037717282772064
-0.39736703038215637
-0.39670372009277344
-0.389504611492157
-0.369678258895874
-0.34145447611808777
-0.2835002541542053
-0.2237151712179184
-0.18906347453594208
-0.17931167781352997
-0.15607774257659912
-0.14323309063911438
-0.09952807426452637
-0.08222465962171555
-0.025716297328472137
0.02669498883187771
0.060329027473926544
0.084532730281353
0.106257863342762
0.1517706662416458
0.17340406775474548
0.22124432027339935
0.2727070748806
0.31146323680877686
0.3597051799297333
0.373583048582077
0.40742650628089905
0.4445023238658905
0.4676448702812195
0.5071151256561279
0.5697996020317078
0.5903133749961853
0.6342210173606873
0.6818565130233765
0.7381768226623535
0.771481990814209
0.8463128209114075
0.9046421647071838
0.9538189768791199
1.0005286931991577
1.0640963315963745
1.1031019687652588
1.1425095796585083
1.1777241230010986
1.1921920776367188
1.2056454420089722
1.2205066680908203
1.2365845441818237
1.2495981454849243
1.2631571292877197
1.2882767915725708
1.319787621498108
1.3373428583145142
1.353959321975708
1.3782811164855957
1.4119508266448975
1.4056254625320435
1.4194340705871582
1.4256857633590698
1.4338810443878174
1.4393000602722168
1.4476935863494873
1.4534380435943604
1.4576808214187622
1.4758213758468628
1.521133542060852
1.5391913652420044
1.5603023767471313
1.6211040019989014
1.6848206520080566
1.7004673480987549
1.7107081413269043
1.7207728624343872
1.7319790124893188
1.7499427795410156
1.8049235343933105
1.836796760559082
1.936845064163208
2.0302586555480957
2.108449697494507
2.18810772895813
2.211109161376953
2.2286603450775146
2.237002372741699
2.2567191123962402
2.2749061584472656
2.3451719284057617
2.4071695804595947
2.4494593143463135
2.4606800079345703
2.4728055000305176
2.4728055000305176
2.4966952800750732
2.4972329139709473
2.461240530014038
2.455868721008301
2.4292819499969482
2.4279091358184814
2.4242329597473145
2.427581310272217
2.4058523178100586
2.4027953147888184
2.409937620162964
2.4109270572662354
2.381361722946167
2.375227689743042
2.381657361984253
2.394040822982788
2.4003543853759766
2.4374783039093018
2.457261085510254
2.4836034774780273
2.4994826316833496
2.5652480125427246
2.5958220958709717
2.628725290298462
2.668215751647949
2.6834168434143066
2.76898455619812
2.886936902999878
2.985262155532837
3.0793657302856445
3.0944902896881104
3.1058292388916016
3.119144916534424
3.1365509033203125
-3.079772710800171
-3.0120654106140137
-2.927004098892212
-2.8717310428619385
-2.8539156913757324
-2.8400661945343018
-2.8257832527160645
-2.8170011043548584
-2.80869460105896
-2.789862632751465
-2.789862632751465
-2.640021800994873
-2.5231103897094727
-2.501218795776367
-2.4892547130584717
-2.4767935276031494
-2.4644386768341064
-2.3941609859466553
-2.2996444702148438
-2.2777466773986816
-2.243825674057007
-2.2372145652770996
-2.2488632202148438
-2.2488632202148438
-2.2488632202148438
-2.284717321395874
-2.2816171646118164
-2.275740385055542
-2.267507553100586
-2.260030508041382
-2.251547336578369
-2.2408783435821533
-2.2340705394744873
-2.2340705394744873
-2.215111017227173
-2.2051267623901367
-2.194007635116577
-2.1734652519226074
-2.1306889057159424
-2.0427253246307373
-1.9045661687850952
-1.8398505449295044
-1.819913625717163
-1.7757525444030762
-1.6416740417480469
-1.6192841529846191
-1.5990983247756958
-1.4971998929977417
-1.4076316356658936
-1.3399300575256348
-1.3206151723861694
-1.214434027671814
-1.1254534721374512
-1.0455774068832397
-0.9612658023834229
-0.9331961870193481
-0.9257161617279053
-0.9740828275680542
-1.0258595943450928
-1.0124292373657227
-0.9723987579345703
-0.8649787902832031
-0.8048411011695862
-0.790801465511322
-0.7644145488739014
-0.7415539026260376
-0.7157911062240601
-0.7064599990844727
-0.7000341415405273
-0.6917532086372375
-0.688431441783905
-0.6870459318161011
-0.6837084889411926
-0.6774424910545349
-0.6663089394569397
-0.6554164290428162
-0.6439492106437683
-0.624077320098877
-0.6188743710517883
-0.6108366250991821
-0.5939295887947083
-0.5847430229187012
-0.5754053592681885
-0.5653762221336365
-0.5568393468856812
-0.5474318861961365
-0.5474318861961365
-0.5299116969108582
-0.5189999938011169
-0.5096363425254822
-0.49863553047180176
-0.4890367388725281
-0.47870656847953796
-0.4737713932991028
-0.4652050733566284
-0.42629149556159973
-0.3677014112472534
-0.34820234775543213
-0.33689409494400024
-0.3263290822505951
-0.28948163986206055
-0.2631170451641083
-0.23019017279148102
-0.19896787405014038
-0.16286268830299377
-0.13292498886585236
-0.062112852931022644
-0.020902123302221298
0.024797700345516205
0.07651720941066742
0.13916008174419403
0.18852746486663818
0.2165607511997223
0.2849513292312622
0.35810771584510803
0.40806299448013306
0.46637922525405884
0.5238927006721497
0.5675421953201294
0.5986331701278687
0.6112478375434875
0.6328333020210266
0.6642158627510071
0.682129442691803
0.7053295969963074
0.7159608602523804
0.7331861257553101
0.785258412361145
0.8496916890144348
0.8697606325149536
0.8848735690116882
0.8957778811454773
0.9093007445335388
0.936252236366272
1.0034713745117188
1.0942388772964478
1.121120572090149
1.1502259969711304
1.2088629007339478
1.2332966327667236
1.2623473405838013
1.3082759380340576
1.337064504623413
1.3591289520263672
1.365729570388794
1.375071406364441
1.3855544328689575
1.3961272239685059
1.4174597263336182
1.428338646888733
1.4394809007644653
1.4608484506607056
1.4818507432937622
1.4927456378936768
1.5140013694763184
1.5248950719833374
1.5355806350708008
1.5567837953567505
1.5884498357772827
1.609772801399231
1.6416000127792358