0.0
0.48828125
0.54931640625
0.42724609375
0.48828125
0.3662109375
0.48828125
0.54931640625
0.48828125
0.48828125
0.244140625
0.732421875
0.732421875
1.15966796875
0.0
0.18310546875
0.54931640625
0.06103515625
2.86865234375
2.9296875
4.7607421875
0.91552734375
0.3662109375
-3.72314453125
-7.4462890625
4.57763671875
-0.54931640625
-0.8544921875
2.8076171875
15.9912109375
20.44677734375
19.95849609375
23.13232421875
19.71435546875
3.41796875
4.7607421875
6.04248046875
6.28662109375
2.86865234375
11.29150390625
6.28662109375
4.39453125
2.01416015625
10.7421875
5.37109375
26.2451171875
25.7568359375
29.35791015625
27.099609375
34.72900390625
30.45654296875
28.13720703125
27.7099609375
20.81298828125
19.6533203125
22.3388671875
22.15576171875
30.6396484375
36.31591796875
32.71484375
58.77685546875
58.77685546875
50.96435546875
46.56982421875
5.92041015625
-6.2255859375
-6.4697265625
0.18310546875
-2.62451171875
-2.74658203125
1.46484375
1.3427734375
0.48828125
4.7607421875
0.30517578125
-1.89208984375
-0.244140625
-2.685546875
5.37109375
3.23486328125
2.3193359375
-10.19287109375
2.3193359375
-1.8310546875
3.60107421875
-20.01953125
-25.81787109375
-38.26904296875
-43.88427734375
-43.88427734375
-26.7333984375
-10.55908203125
-9.58251953125
-7.4462890625
-4.33349609375
-7.87353515625
-2.0751953125
-2.99072265625
6.89697265625
9.033203125
10.7421875
18.5546875
23.8037109375
26.4892578125
22.76611328125
19.34814453125
18.1884765625
18.4326171875
21.17919921875
25.87890625
20.69091796875
25.2685546875
24.71923828125
28.99169921875
26.3671875
29.296875
23.92578125
17.63916015625
25.146484375
25.146484375
24.84130859375
28.74755859375
39.0625
30.21240234375
36.376953125
37.4755859375
33.87451171875
32.958984375
46.875
49.4384765625
37.65869140625
16.2353515625
13.3056640625
10.6201171875
7.9345703125
35.888671875
45.654296875
65.91796875
64.3310546875
72.998046875
60.85205078125
65.61279296875
66.95556640625
13.5498046875
0.732421875
0.1220703125
7.8125
-33.8134765625
-41.56494140625
-32.28759765625
-0.54931640625
3.0517578125
-1.03759765625
0.0
-0.3662109375
7.14111328125
11.71875
-0.67138671875
-0.18310546875
-4.638671875
5.06591796875
-41.8701171875
-46.93603515625
-8.11767578125
-5.18798828125
-7.32421875
-9.033203125
63.65966796875
84.53369140625
-0.54931640625
3.23486328125
-4.39453125
-2.62451171875
-46.44775390625
-12.5732421875
-10.68115234375
2.685546875
-5.55419921875
33.99658203125
40.8935546875
15.869140625
0.67138671875
-2.5634765625
1.3427734375
5.55419921875
4.69970703125
28.25927734375
33.3251953125
36.0107421875
28.80859375
39.794921875
22.4609375
-6.65283203125
-26.18408203125
-22.52197265625
-1.03759765625
28.6865234375
25.2685546875
26.3671875
30.3955078125
29.1748046875
27.89306640625
27.89306640625
26.123046875
29.541015625
24.7802734375
18.06640625
28.62548828125
26.123046875
24.35302734375
23.49853515625
29.4189453125
25.69580078125
25.146484375
32.5927734375
26.79443359375
19.6533203125
19.6533203125
0.67138671875
4.39453125
3.5400390625
1.8310546875
0.91552734375
-0.18310546875
3.47900390625
19.22607421875
31.55517578125
3.35693359375
-7.38525390625
-1.0986328125
0.3662109375
1.89208984375
20.751953125
41.6259765625
39.55078125
2.8076171875
5.4931640625
3.5400390625
4.2724609375
1.0986328125
-3.41796875
2.50244140625
-1.64794921875
-1.5869140625
-2.44140625
-0.1220703125
-4.0283203125
-3.7841796875
-1.64794921875
3.5400390625
19.83642578125
9.82666015625
7.568359375
13.3056640625
8.72802734375
9.82666015625
4.21142578125
8.056640625
4.57763671875
6.28662109375
1.52587890625
2.50244140625
-7.568359375
-22.27783203125
-28.6865234375
-20.44677734375
-0.30517578125
-5.92041015625
-4.94384765625
-4.45556640625
-8.056640625
-0.42724609375
-9.21630859375
-1.28173828125
-2.44140625
-7.75146484375
-7.14111328125
-10.92529296875
8.36181640625
8.9111328125
-4.2724609375
-1.03759765625
27.099609375
31.25
30.45654296875
50.29296875
67.68798828125
41.44287109375
31.73828125
18.12744140625
22.64404296875
41.56494140625
27.64892578125
42.1142578125
78.67431640625
80.56640625
29.96826171875
54.3212890625
75.3173828125
36.0107421875
7.50732421875
2.685546875
-1.46484375
3.11279296875
40.0390625
82.1533203125
46.2646484375
20.01953125
11.29150390625
5.2490234375
4.94384765625
0.244140625
-0.91552734375
-9.33837890625
5.92041015625
5.43212890625
5.92041015625
0.67138671875
0.91552734375
4.7607421875
2.99072265625
2.44140625
3.662109375
7.8125
-1.40380859375
-3.90625
-1.708984375
-1.46484375
1.15966796875
-2.38037109375
6.591796875
26.2451171875
27.28271484375
28.99169921875
46.32568359375
48.88916015625
55.23681640625
49.74365234375
45.10498046875
41.015625
40.283203125
40.771484375
41.8701171875
43.51806640625
33.69140625
31.06689453125
31.06689453125
39.9169921875
13.85498046875
2.0751953125
1.77001953125
1.708984375
23.3154296875
26.42822265625
28.1982421875
30.33447265625
29.541015625
28.13720703125
25.7568359375
25.146484375
14.404296875
0.244140625
-0.3662109375
-33.63037109375
-42.66357421875
-46.0205078125
-44.677734375
-34.48486328125
-28.99169921875
-17.02880859375
-15.44189453125
-12.20703125
-18.24951171875
-15.44189453125
-20.01953125
-4.69970703125
-4.69970703125
-2.74658203125
-4.94384765625
13.00048828125
13.85498046875
20.56884765625
20.8740234375
16.845703125
15.869140625
15.869140625
17.4560546875
14.5263671875
34.72900390625
40.0390625
38.51318359375
37.4755859375
38.57421875
36.31591796875
31.55517578125
24.35302734375
27.16064453125
24.2919921875
19.83642578125
25.93994140625
22.15576171875
29.96826171875
26.7333984375
26.06201171875
27.28271484375
24.59716796875
30.94482421875
22.0947265625
26.3671875
27.9541015625
25.93994140625
20.01953125
28.50341796875
15.869140625
26.0009765625
21.240234375
19.8974609375
26.42822265625
27.9541015625
35.21728515625
34.48486328125
37.841796875
32.470703125
34.912109375
39.24560546875
28.9306640625
0.67138671875
-31.005859375
-17.08984375
-4.0283203125
-6.04248046875
-3.0517578125
-8.23974609375
26.67236328125
39.0625
10.25390625
1.708984375
3.41796875
-0.3662109375
1.77001953125
1.52587890625
0.54931640625
-1.3427734375
1.5869140625
-3.23486328125
-9.94873046875
-2.01416015625
-6.77490234375
0.91552734375
-2.8076171875
6.8359375
10.6201171875
14.2822265625
5.92041015625
2.3193359375
4.08935546875
15.9912109375
12.0849609375
19.1650390625
19.1650390625
32.958984375
25.5126953125
29.11376953125
32.2265625
26.06201171875
28.076171875
38.0859375
38.87939453125
64.88037109375
82.3974609375
87.890625
79.7119140625
85.99853515625
79.28466796875
93.07861328125
79.345703125
-16.9677734375
-38.02490234375
-26.0009765625
-7.080078125
-11.65771484375
-11.962890625
-3.72314453125
-4.2724609375
-2.38037109375
-9.033203125
-4.638671875
-8.6669921875
-14.95361328125
-15.625
-12.02392578125
-5.9814453125
-1.5869140625
8.1787109375
46.38671875
79.7119140625
36.7431640625
10.07080078125
1.0986328125
1.5869140625
4.150390625
6.8359375
4.0283203125
8.056640625
-2.8076171875
-49.86572265625
-15.625
-1.03759765625
-4.57763671875
-9.94873046875
-2.50244140625
-5.2490234375
0.732421875
-1.64794921875
-9.8876953125
-17.08984375
49.37744140625
79.58984375
89.05029296875
56.33544921875
45.166015625
31.005859375
-2.25830078125
-45.22705078125
-16.90673828125
43.45703125
78.2470703125
82.58056640625
82.58056640625
77.5146484375
77.5146484375
83.251953125
48.76708984375
2.01416015625
3.35693359375
-14.5263671875
-0.48828125
-1.15966796875
7.9345703125
10.07080078125
50.72021484375
76.904296875
67.626953125
1.03759765625
0.79345703125
-2.3193359375
-37.353515625
-11.77978515625
-4.08935546875
-7.01904296875
-3.23486328125
-6.34765625
-1.40380859375
-5.67626953125
-11.29150390625
-8.72802734375
-9.521484375
-6.65283203125
-2.62451171875
32.65380859375
26.91650390625
28.86962890625
28.99169921875
28.13720703125
26.4892578125
45.59326171875
63.720703125
68.29833984375
57.6171875
51.33056640625
27.77099609375
2.3193359375
1.64794921875
0.67138671875
-3.5400390625
4.39453125
61.21826171875
52.6123046875
66.162109375
71.6552734375
50.47607421875
-2.685546875
1.708984375
-5.06591796875
6.8359375
48.27880859375
67.0166015625
41.44287109375
-3.173828125
0.67138671875
-3.5400390625
-25.390625
-42.1142578125
-9.09423828125
-9.58251953125
-12.451171875
-32.1044921875
-45.34912109375
-38.6962890625
-21.97265625
-16.6015625
-17.9443359375
-17.08984375
-29.72412109375
-24.35302734375
-33.3251953125
-29.78515625
-27.16064453125
-11.29150390625
-3.173828125
-2.38037109375
-6.28662109375
-10.92529296875
-1.953125
-3.41796875
48.095703125
63.29345703125
66.95556640625
70.61767578125
36.9873046875
4.57763671875
5.37109375
-0.54931640625
-2.13623046875
5.79833984375
52.30712890625
52.1240234375
35.33935546875
20.6298828125
9.94873046875
7.50732421875
31.1279296875
36.2548828125
47.36328125
39.1845703125
12.87841796875
8.30078125
-0.244140625
4.33349609375
23.4375
24.59716796875
34.912109375
52.30712890625
50.1708984375
29.96826171875
11.8408203125
38.57421875
31.1279296875
-1.953125
-0.48828125
32.71484375
56.884765625
61.46240234375
80.62744140625
67.07763671875
66.95556640625
18.06640625
-7.50732421875
-37.04833984375
-22.216796875
-2.62451171875
-4.5166015625
-3.35693359375
-4.94384765625
-3.35693359375
16.357421875
23.681640625
13.18359375
0.06103515625
0.3662109375
-3.72314453125
4.82177734375
-0.42724609375
1.52587890625
2.3193359375
0.67138671875
1.0986328125
1.0986328125
-0.54931640625
2.01416015625
23.49853515625
16.2353515625
-4.39453125
-2.86865234375
-0.54931640625
1.52587890625
0.18310546875
5.79833984375
4.21142578125
0.18310546875
3.47900390625
4.08935546875
1.220703125
0.48828125
16.2353515625
17.76123046875
23.5595703125
22.64404296875
22.64404296875
45.8984375
47.66845703125
48.828125
45.166015625
66.83349609375
74.5849609375
42.8466796875
33.87451171875
5.4931640625
14.34326171875
26.79443359375
62.744140625
33.935546875
21.17919921875
7.01904296875
3.5400390625
0.48828125
19.34814453125
51.20849609375
40.8935546875
8.48388671875
-2.197265625
2.13623046875
-0.79345703125
-2.8076171875
6.4697265625
1.3427734375
5.126953125
2.197265625
3.90625
34.97314453125
15.07568359375
-7.62939453125
-6.16455078125
-3.662109375
-2.50244140625
8.056640625
43.3349609375
44.0673828125
12.39013671875
-0.8544921875
5.37109375
6.2255859375
-2.197265625
-8.7890625
-58.04443359375
-50.6591796875
-14.58740234375
-5.0048828125
-37.65869140625
-40.771484375
-3.72314453125
-6.4697265625
-4.2724609375
-6.2255859375
-11.16943359375
50.1708984375
30.21240234375
48.27880859375
33.203125
-1.40380859375
0.3662109375
8.056640625
-0.9765625
-4.33349609375
39.85595703125
67.81005859375
67.9931640625
67.0166015625
70.9228515625
40.71044921875
33.02001953125
37.109375
36.56005859375
32.53173828125
37.53662109375
36.56005859375
43.27392578125
44.677734375
35.46142578125
32.71484375
36.865234375
34.7900390625
32.77587890625
8.72802734375
5.79833984375
4.08935546875
-0.79345703125
-0.8544921875
2.38037109375
-0.79345703125
8.85009765625
13.73291015625
3.60107421875
3.72314453125
-0.54931640625
-2.197265625
-1.708984375
-3.0517578125
1.5869140625
-0.54931640625
0.9765625
4.0283203125
1.708984375
-0.79345703125
-0.30517578125
1.40380859375
-0.18310546875
-0.244140625
0.42724609375
0.48828125
0.54931640625
0.3662109375
0.48828125
0.48828125
0.42724609375
0.30517578125
0.42724609375
0.732421875
0.48828125
