0.1628057062625885
0.1364694982767105
0.15083470940589905
0.19393032789230347
0.14844051003456116
0.17717091739177704
0.1867477297782898
0.1604115068912506
0.1628057062625885
0.2106897532939911
0.15801730751991272
0.15801730751991272
-0.0933738648891449
-2.669534921646118
1.5275006294250488
1.5370774269104004
2.121262788772583
6.13873291015625
-6.121973514556885
1.1899182796478271
-2.3702597618103027
-2.3702597618103027
-2.3702597618103027
2.3127987384796143
2.3127987384796143
1.8986018896102905
1.8986018896102905
-5.159504413604736
-5.159504413604736
2.561795711517334
-11.705251693725586
-5.085284233093262
3.375824451446533
0.727837324142456
8.564059257507324
7.639897346496582
-2.9281086921691895
0.26575639843940735
2.8993782997131348
-3.488351821899414
-4.185064315795898
3.1914708614349365
2.250549554824829
-1.790862798690796
1.1540051698684692
1.482010841369629
0.15562310814857483
-2.3056161403656006
2.734178304672241
-8.458714485168457
-1.3742717504501343
7.132326602935791
4.4077253341674805
-1.3982137441635132
-1.666364312171936
-0.07422025501728058
3.861847162246704
-3.6391866207122803
6.497863292694092
-1.5945383310317993
0.7996633648872375
-6.53377628326416
-1.7525556087493896
-4.718971252441406
5.920860767364502
6.313509941101074
2.2170307636260986
-0.5506663918495178
1.0438718795776367
2.123656988143921
1.50355863571167
1.4077905416488647
2.315192937850952
1.1468225717544556
-7.129932403564453
5.228936195373535
2.1523873805999756
-3.909731388092041
-2.274491548538208
-0.7493851184844971
-3.9480385780334473
-1.5490484237670898
-4.393360137939453
0.7541735172271729
-5.315127849578857
3.114856243133545
-1.01753568649292
0.8140285611152649
1.4077905416488647
-4.14915132522583
-2.5522189140319824
-0.8212111592292786
3.028665065765381
5.549759387969971
11.549629211425781
6.294356346130371
-1.4652514457702637
0.6823474764823914
0.6823474764823914
-1.094150185585022
5.219359397888184
1.3503297567367554
-3.6056675910949707
0.5889735817909241
-5.710170745849609
10.589553833007812
8.142680168151855
-3.5003228187561035
1.3862427473068237
0.7230489253997803
-0.1843535304069519
1.2617442607879639
-0.9504980444908142
0.7493851184844971
-4.469974517822266
6.114790916442871
-2.456450939178467
-1.9919757843017578
-3.3854012489318848
-0.730231523513794
4.278438568115234
4.278438568115234
5.463568210601807
-1.7046716213226318
-2.2864625453948975
-1.5179238319396973
1.7166426181793213
-2.6839001178741455
-5.12119722366333
-2.8107926845550537
2.564189910888672
0.35913026332855225
-2.964021682739258
-3.5386300086975098
-6.57926607131958
2.896984100341797
2.693476915359497
-0.8786720037460327
3.114856243133545
6.148309707641602
5.281609058380127
3.5936965942382812
-3.8331167697906494
-4.970362663269043
1.4149731397628784
0.9265560507774353
-6.227318286895752
-1.6567875146865845
-4.955997467041016
-4.886565685272217
4.771644115447998
4.771644115447998
3.5194764137268066
-0.5722141861915588
-0.43335050344467163
3.7205893993377686
-6.607996463775635
-0.28969839215278625
-4.280832767486572
0.6009446382522583
2.166752576828003
3.7708675861358643
4.855441093444824
3.421314239501953
2.322375535964966
-1.6089035272598267
11.403582572937012
-0.1364694982767105
-1.278503656387329
3.6798880100250244
-1.0462660789489746
-1.0462660789489746
-1.0462660789489746
6.011840343475342
3.0813374519348145
5.228936195373535
-3.3446996212005615
5.494692802429199
5.3127336502075195
4.853046894073486
-3.928884983062744
-0.17717091739177704
-3.354276418685913
3.021482467651367
1.5298948287963867
1.5107412338256836
-2.609679698944092
-2.1068973541259766
-4.32871675491333
4.608838081359863
-1.2210428714752197
-2.1954829692840576
2.43011474609375
-5.0685248374938965
-1.3072340488433838
-1.3838485479354858
6.947973251342773
0.021547814831137657
5.643133163452148
-0.047884032130241394
0.20111294090747833
-4.994304656982422
2.2673089504241943
7.620743751525879
-5.284003257751465
-6.833051681518555
3.6583402156829834
-4.505887508392334
-2.9257144927978516
-6.433219909667969
0.5219359397888184
3.5027170181274414
5.712564945220947
-1.7262194156646729
4.0749311447143555
0.2968810200691223
-1.094150185585022
-8.542511940002441
4.110844135284424
-5.985504150390625
-2.3965959548950195
-3.8953661918640137
-2.2912509441375732
-0.9600748419761658
-2.4157495498657227
1.2186486721038818
-6.22971248626709
3.7828385829925537
-1.7932569980621338
-3.224989652633667
2.2697031497955322
-5.176263809204102
6.045359134674072
10.182539939880371
-4.338293552398682
-0.7062894701957703
0.8164227604866028
1.1324573755264282
5.190629005432129
-4.479551315307617
-2.940079689025879
4.491522312164307
4.948814868927002
-4.525041103363037
-4.525041103363037
-2.918531894683838
-2.918531894683838
-2.006340980529785
0.5099649429321289
-3.24414324760437
8.78193187713623
-4.759673118591309
2.006340980529785
0.016759412363171577
6.086060523986816
-0.27054479718208313
-7.661445140838623
2.4851813316345215
-6.605602264404297
-2.054224967956543
4.745307922363281
-4.14915132522583
5.0254292488098145
-3.93367338180542
-2.0231003761291504
4.235342502593994
7.261613845825195
2.116474151611328
0.181959331035614
1.0869675874710083
0.08619125932455063
-2.980781078338623
-2.5091233253479004
3.40216064453125
3.6128501892089844
-4.678269863128662
-3.6559460163116455
-2.9879636764526367
5.202600002288818
8.554482460021973
-1.0414776802062988
-0.8978255987167358
0.608127236366272
6.102819919586182
5.542576789855957
-0.4908113479614258
-1.3623007535934448
1.1420341730117798
4.891354084014893
3.7493197917938232
-4.436455726623535
-0.2968810200691223
-4.0294413566589355
-4.632780075073242
-2.717418909072876
-2.4899697303771973
0.4836287498474121
5.628767967224121
-0.9481038451194763
-3.3183634281158447
2.585737705230713
-4.489128112792969
6.521805286407471
-6.512228488922119
-6.452373504638672
-3.3255460262298584
2.3558943271636963
1.0342950820922852
-10.900799751281738
4.845864295959473
-1.9704279899597168
5.626373767852783
4.414907932281494
2.920926094055176
-0.8547300100326538
-2.3127987384796143
-2.229001760482788
-0.6368576288223267
1.335964560508728
3.162740468978882
-2.8826189041137695
2.518700122833252
-0.6416460275650024
5.659892559051514
-6.780379295349121
-3.9911341667175293
-1.3742717504501343
-1.8722656965255737
2.7030537128448486
0.6775590777397156
2.473210334777832
-2.3726539611816406
1.094150185585022
8.798690795898438
-0.06224924325942993
-0.5267243385314941
0.2537853717803955
-0.3734954595565796
-1.2090718746185303
-1.721431016921997
0.05506663769483566
0.9026139974594116
-1.039083480834961
1.8004395961761475
0.4596867263317108
0.272938996553421
0.038307227194309235
0.15801730751991272
0.05746084079146385
0.0694318488240242
0.10295066982507706
0.11013327538967133
0.08379705995321274
3.00711727142334
0.7086836695671082
0.6344634294509888
1.9919757843017578
0.24899697303771973
0.21308395266532898
0.06703764945268631
0.06464344263076782
0.0933738648891449
0.08140285313129425
0.10534487664699554
0.08379705995321274
0.08379705995321274
