0.0
-0.0
-0.0
-0.0
-0.0
-0.0
0.015002922154963017
0.07497909665107727
0.07497909665107727
0.06597734987735748
0.06597734987735748
0.06597734987735748
0.06597734987735748
0.06597734987735748
0.06597734987735748
0.06597734987735748
0.06597734987735748
0.06597734987735748
0.06597734987735748
0.06597734987735748
0.02399579808115959
-0.0
-0.0
-0.0
-0.0
-0.0
-0.0
-0.0
-0.0
-0.0
-0.0
-0.0
-0.0
-0.0
-0.0
-0.0
-0.0
-0.0
-0.0
-0.0
-0.0
-0.0
-0.0
-0.0
-0.0
-0.0
-0.0
-0.03297979384660721
-0.08096251636743546
-0.08096251636743546
-0.08096251636743546
-0.08096251636743546
-0.08096251636743546
-0.08096251636743546
-0.08096251636743546
-0.08096251636743546
-0.08096251636743546
-0.08096251636743546
-0.08096251636743546
-0.07797080278396606
-0.08096251636743546
-0.08096251636743546
-0.08996427059173584
-0.08996427059173584
-0.09296485036611557
-0.0989571362733841
-0.0989571362733841
-0.1139511838555336
-0.1529410183429718
-0.15594160556793213
-0.1679350733757019
-0.21891836822032928
-0.2489064633846283
-0.24590587615966797
-0.21591779589653015
-0.17992854118347168
-0.1829291135072708
-0.17093566060066223
-0.09296485036611557
-0.0
-0.0
-0.0
0.07497909665107727
0.05998505279421806
-0.0
-0.0
-0.0
-0.0
-0.0
-0.0
-0.0
-0.0
-0.0
-0.0
-0.0
-0.0
-0.0
-0.0
-0.0
-0.0
-0.0
-0.0
-0.0
-0.0
-0.0
-0.0
-0.0
-0.0
-0.0
-0.0
-0.0
-0.0
-0.0
-0.008992875926196575
-0.03297979384660721
-0.0
-0.0
-0.0
-0.0
-0.0
-0.0
-0.0
-0.0
-0.0
-0.0
-0.0
-0.0
-0.0
-0.0
-0.0
-0.0
-0.0
-0.0
-0.023986920714378357
-0.0
-0.0
-0.0
-0.0
-0.0
-0.0
-0.0
-0.002991706831380725
-0.1379469931125641
-0.13194580376148224
-0.13194580376148224
-0.13194580376148224
-0.13194580376148224
-0.12295293807983398
-0.12295293807983398
-0.12295293807983398
-0.12295293807983398
-0.12295293807983398
-0.12295293807983398
-0.12295293807983398
-0.14994044601917267
-0.20092375576496124
-0.20992548763751984
-0.20092375576496124
-0.0
-0.0
-0.0
-0.0
-0.0
-0.1259535253047943
-0.1259535253047943
-0.0
-0.0
-0.0
-0.0
-0.0
-0.0
-0.0989571362733841
-0.08396310359239578
-0.0
-0.0
-0.0
-0.0
-0.0
-0.0
-0.0
-0.0
-0.0
-0.0
-0.008992875926196575
-0.0
-0.0
-0.0
-0.0
-0.0
-0.0
-0.0
-0.0
-0.0
-0.0
-0.0
-0.0
-0.0
0.16194278001785278
0.188939169049263
-0.0
-0.0
-0.0
-0.0
-0.0
-0.10495830327272415
-0.0
-0.0
-0.1259535253047943
-0.12295293807983398
-0.11695177108049393
-0.0989571362733841
-0.07797080278396606
-0.07797080278396606
-0.07797080278396606
-0.07797080278396606
-0.07797080278396606
-0.07797080278396606
-0.014994043856859207
-0.0
-0.0
-0.0
-0.11695177108049393
-0.06896905601024628
-0.0
-0.0
-0.0
-0.011993460357189178
-0.011993460357189178
-0.12295293807983398
-0.14094756543636322
-0.05997617542743683
-0.11695177108049393
-0.2878963053226471
-0.2908880114555359
-0.2908880114555359
-0.2908880114555359
-0.2908880114555359
-0.2519070506095886
-0.002991706831380725
-0.0
-0.15894220769405365
-0.08996427059173584
-0.0
-0.0
-0.11695177108049393
-0.1139511838555336
-0.0
-0.020986337214708328
-0.2788945436477661
-0.25490763783454895
-0.0
-0.0
-0.0
-0.0
-0.0
-0.0
-0.05997617542743683
-0.0
-0.0
-0.0
-0.0
-0.0
-0.029988087713718414
-0.035980381071567535
-0.01798575185239315
-0.0
-0.0
-0.0
-0.0
-0.0
-0.0
-0.0
-0.0
-0.0
-0.0
-0.0
0.0030005844309926033
0.07497909665107727
0.09896601736545563
0.08097139000892639
0.06298563629388809
0.05998505279421806
0.05098330229520798
0.02399579808115959
0.012002337723970413
0.012002337723970413
0.00900175329297781
-0.0
-0.0
-0.0
-0.0
-0.0
-0.0
-0.0
-0.0
-0.0
-0.0
0.0030005844309926033
0.04799159616231918
0.05998505279421806
0.05998505279421806
0.07197851687669754
0.07497909665107727
0.07497909665107727
0.07497909665107727
0.07197851687669754
0.06298563629388809
0.05998505279421806
-0.0
-0.026987504214048386
-0.17393623292446136
-0.17393623292446136
-0.20092375576496124
-0.2908880114555359
-0.2908880114555359
-0.2908880114555359
-0.2908880114555359
-0.2908880114555359
-0.2908880114555359
-0.2788945436477661
-0.14394815266132355
-0.0
-0.0
-0.0
-0.0
-0.08096251636743546
-0.17093566060066223
-0.16493448615074158
-0.16493448615074158
-0.16493448615074158
-0.0
-0.0
-0.0
-0.1679350733757019
-0.18893028795719147
-0.14994044601917267
-0.12295293807983398
-0.005992291495203972
0.056984469294548035
0.21292608976364136
0.2549165189266205
-0.0
-0.0
-0.0
-0.0
-0.2788945436477661
-0.0
-0.0
-0.0
-0.0
-0.0
-0.0
-0.0
-0.0
-0.0
-0.11995235085487366
-0.1139511838555336
-0.05997617542743683
-0.05097442492842674
-0.04198155179619789
-0.029988087713718414
-0.029988087713718414
-0.029988087713718414
-0.03297979384660721
-0.03297979384660721
-0.1259535253047943
-0.1769368201494217
-0.1919308751821518
-0.263900488615036
-0.2908880114555359
-0.2908880114555359
-0.2758939862251282
-0.17393623292446136
-0.10195772349834442
-0.1379469931125641
-0.14094756543636322
-0.035980381071567535
-0.0
-0.0
0.188939169049263
-0.0
-0.0
-0.0
-0.0
-0.0
-0.0
-0.0
-0.0
-0.0959654375910759
-0.0
-0.0
-0.0
-0.0
-0.0
-0.0
-0.0
-0.0
-0.0
-0.0
-0.0
-0.0
-0.0
-0.0
-0.0
-0.0
0.14395703375339508
-0.0
-0.0
-0.0
-0.0
-0.0
-0.0
0.2908880114555359
-0.0
-0.0
-0.0
-0.0
-0.0
-0.014994043856859207
-0.005992291495203972
-0.0959654375910759
-0.1139511838555336
-0.24290530383586884
-0.24290530383586884
-0.23691299557685852
-0.1919308751821518
-0.0989571362733841
-0.05097442492842674
-0.0
-0.14094756543636322
-0.14394815266132355
-0.28189513087272644
-0.2908880114555359
-0.2908880114555359
-0.2908880114555359
-0.2908880114555359
-0.2908880114555359
-0.0
-0.0
-0.0
-0.0
0.2908880114555359
-0.0
-0.0
-0.0
-0.0
-0.0
-0.0
-0.0
-0.0
-0.0
-0.1529410183429718
-0.0
-0.0
-0.023986920714378357
-0.0
-0.0
-0.0
-0.0
-0.0
-0.0
-0.0
-0.0
-0.0
-0.0
-0.0
-0.10495830327272415
-0.14994044601917267
-0.0
-0.0
-0.05097442492842674
-0.002991706831380725
-0.002991706831380725
-0.0
-0.0
-0.0
-0.17093566060066223
-0.1109594851732254
-0.0
-0.01798575185239315
-0.01798575185239315
-0.05997617542743683
-0.08996427059173584
-0.08996427059173584
-0.08096251636743546
-0.14994044601917267
-0.16493448615074158
-0.12895411252975464
-0.1259535253047943
-0.1259535253047943
-0.1259535253047943
-0.10495830327272415
-0.05997617542743683
-0.04798271879553795
-0.035980381071567535
-0.002991706831380725
-0.0
-0.0
-0.0
-0.0
-0.0
-0.011993460357189178
-0.1139511838555336
-0.0569755919277668
-0.0
-0.11695177108049393
-0.14994044601917267
-0.14693985879421234
-0.12895411252975464
-0.12895411252975464
-0.12895411252975464
-0.08696368336677551
-0.0
-0.0
-0.0
-0.20392432808876038
-0.22491954267024994
-0.18893028795719147
-0.0
-0.0
-0.0
0.14395703375339508
0.09896601736545563
-0.0
-0.0
-0.0
-0.0
-0.0
-0.0
0.00900175329297781
-0.0
0.0030005844309926033
0.13195469975471497
0.11996123194694519
0.02699638158082962
0.006001168861985207
-0.0
-0.0
0.03298867493867874
0.2159266620874405
-0.0
-0.0
-0.0
-0.23691299557685852
-0.2579082250595093
-0.22791124880313873
-0.2219189703464508
-0.20092375576496124
-0.17992854118347168
-0.15894220769405365
-0.11695177108049393
-0.07497022300958633
-0.03297979384660721
-0.0
-0.0
-0.026987504214048386
-0.08096251636743546
-0.08396310359239578
-0.13494640588760376
-0.13494640588760376
-0.13494640588760376
-0.1259535253047943
-0.0
-0.0
-0.0
-0.0
-0.0
-0.002991706831380725
-0.0
-0.0
-0.0
-0.0
-0.0
-0.0
-0.0
-0.0
-0.0
-0.0
-0.0
-0.0
-0.026987504214048386
-0.08396310359239578
-0.08996427059173584
-0.08696368336677551
-0.08696368336677551
-0.08696368336677551
-0.11995235085487366
-0.12295293807983398
-0.1259535253047943
-0.1829291135072708
-0.26990166306495667
-0.2908880114555359
-0.2908880114555359
-0.1949225813150406
-0.1949225813150406
-0.1529410183429718
-0.0
-0.0
0.2908880114555359
0.2908880114555359
-0.0
-0.0
-0.0
-0.2908880114555359
-0.0
-0.0
-0.0
-0.0
-0.0
-0.0
-0.0
-0.0
-0.0
-0.0
0.056984469294548035
0.0779796913266182
-0.0
-0.0
-0.0
-0.0
-0.10495830327272415
-0.0
-0.0
-0.0
-0.0
-0.0
-0.0
-0.0
-0.0
-0.0
-0.0
-0.0
-0.0
-0.0
-0.0
-0.0
-0.0
-0.0
-0.0
-0.0
-0.01798575185239315
-0.07797080278396606
-0.08096251636743546
-0.14994044601917267
-0.14994044601917267
-0.15594160556793213
-0.1769368201494217
-0.17992854118347168
-0.1679350733757019
-0.15894220769405365
-0.15894220769405365
-0.15894220769405365
-0.13194580376148224
-0.01798575185239315
-0.014994043856859207
-0.0
-0.0
-0.0
-0.0
-0.0
-0.0
-0.0
-0.0
-0.0
0.017994629219174385
0.22192783653736115
-0.0
-0.0
-0.0
-0.0
-0.0
-0.0
-0.0
-0.0
-0.0
-0.0
-0.0
-0.2908880114555359
-0.0
-0.026987504214048386
-0.2908880114555359
-0.0
-0.0
-0.0
-0.2669011056423187
-0.2908880114555359
-0.0
-0.0
-0.0
-0.21891836822032928
-0.17393623292446136
-0.06297676265239716
-0.0
-0.0
-0.0
-0.07196963578462601
-0.1109594851732254
-0.11995235085487366
-0.14394815266132355
-0.07797080278396606
-0.008992875926196575
-0.008992875926196575
-0.011993460357189178
-0.05997617542743683
-0.08696368336677551
-0.08696368336677551
-0.08696368336677551
-0.11995235085487366
-0.14094756543636322
-0.14394815266132355
-0.14394815266132355
-0.14094756543636322
-0.14094756543636322
-0.05097442492842674
-0.0
-0.0
-0.0
-0.0
-0.14094756543636322
-0.08696368336677551
-0.0
-0.0
-0.0
-0.0
-0.0
-0.0
-0.0
-0.0
-0.0
-0.0
-0.0
-0.0
0.07197851687669754
0.07197851687669754
0.07197851687669754
0.07497909665107727
0.07197851687669754
0.06298563629388809
0.02699638158082962
0.02699638158082962
0.02699638158082962
0.02699638158082962
0.02699638158082962
0.02999696508049965
0.053983885794878006
0.06298563629388809
0.06298563629388809
0.06298563629388809
0.06298563629388809
0.06298563629388809
0.06298563629388809
0.05998505279421806
-0.0
-0.05397500842809677
-0.2908880114555359
-0.2908880114555359
-0.2908880114555359
-0.2908880114555359
-0.2908880114555359
-0.2908880114555359
-0.2908880114555359
-0.2908880114555359
-0.2908880114555359
-0.2908880114555359
-0.2908880114555359
-0.2908880114555359
-0.0
-0.0
-0.0
-0.0
-0.0
-0.0
-0.0
-0.0
-0.17093566060066223
-0.1769368201494217
-0.0
-0.0
-0.0
-0.026987504214048386
-0.03297979384660721
-0.03297979384660721
-0.03297979384660721
-0.04498213529586792
-0.05997617542743683
-0.06297676265239716
-0.11995235085487366
-0.0
-0.0
-0.0
-0.0
-0.0
-0.0
-0.0
-0.0
-0.0
-0.0
-0.0