0.0
48.24285888671875
46.89340591430664
47.736812591552734
48.91758346557617
48.91758346557617
49.592308044433594
49.42362594604492
49.42362594604492
47.230770111083984
-9.277472496032715
-226.20164489746094
-226.20164489746094
179.8142852783203
-107.95604705810547
-107.95604705810547
-230.41868591308594
-37.10988998413086
-37.10988998413086
-181.8384552001953
-39.80879211425781
-39.80879211425781
-202.9236297607422
-188.24835205078125
-34.91703414916992
-34.91703414916992
-212.0324249267578
-212.0324249267578
-20.91648292541504
-227.21372985839844
-227.21372985839844
-78.77417755126953
-78.77417755126953
147.2587890625
147.2587890625
-215.743408203125
171.88626098632812
171.88626098632812
-238.85275268554688
-34.07362747192383
-46.89340591430664
-98.3412094116211
-188.24835205078125
-227.04505920410156
-155.524169921875
-14.506593704223633
-14.506593704223633
169.6934051513672
169.6934051513672
-206.46592712402344
132.752197265625
132.752197265625
151.8131866455078
-204.77911376953125
-204.77911376953125
149.62033081054688
-48.91758346557617
-48.91758346557617
-33.398902893066406
-190.94725036621094
-190.94725036621094
70.5087890625
-33.736263275146484
-33.736263275146484
126.67967224121094
-230.25
170.5368194580078
170.5368194580078
-188.92308044433594
-188.92308044433594
-228.05714416503906
-228.05714416503906
-27.66373634338379
-0.5060439705848694
163.62088012695312
163.62088012695312
166.9945068359375
166.9945068359375
-46.72472381591797
-25.9769229888916
-14.169230461120605
-14.169230461120605
172.89834594726562
172.89834594726562
-90.4131851196289
-185.54945373535156
110.48626708984375
110.48626708984375
-217.93626403808594
-217.93626403808594
168.17527770996094
168.17527770996094
36.097801208496094
171.88626098632812
-187.0675811767578
-211.5263671875
-98.17253112792969
-198.87527465820312
-198.87527465820312
-198.87527465820312
-14.843955993652344
-209.8395538330078
-209.8395538330078
-187.57362365722656
-187.57362365722656
162.4401092529297
-224.0087890625
-200.39340209960938
-200.39340209960938
176.27197265625
161.4280242919922
161.4280242919922
-52.122528076171875
-52.122528076171875
40.31483459472656
81.13571166992188
81.13571166992188
-130.55934143066406
-130.55934143066406
101.04010772705078
166.82582092285156
91.93132019042969
-30.19395637512207
-30.19395637512207
-34.57966995239258
142.5357208251953
13.157142639160156
-119.42637634277344
-119.42637634277344
-97.16043853759766
178.63351440429688
178.63351440429688
-174.9225311279297
-169.0186767578125
-169.0186767578125
41.66428756713867
176.9467010498047
176.9467010498047
108.79945373535156
108.79945373535156
164.9703369140625
164.9703369140625
-212.2010955810547
-212.2010955810547
82.31648254394531
174.247802734375
174.247802734375
-104.9197769165039
80.62966918945312
165.13900756835938
-51.9538459777832
-51.9538459777832
191.11593627929688
-29.519229888916016
-29.519229888916016
111.49835205078125
-8.940110206604004
154.1747283935547
154.1747283935547
-206.63461303710938
198.36923217773438
198.36923217773438
-14.00054931640625
190.27252197265625
164.80165100097656
164.80165100097656
-17.205493927001953
-17.205493927001953
111.66703033447266
192.2967071533203
192.2967071533203
168.85000610351562
168.85000610351562
172.72967529296875
140.0054931640625
140.0054931640625
-8.771428108215332
19.22966957092285
19.22966957092285
189.26043701171875
189.26043701171875
-45.71263885498047
-45.71263885498047
181.66978454589844
-43.519779205322266
-81.30439758300781
173.9104461669922
173.9104461669922
125.6675796508789
125.6675796508789
184.1999969482422
-201.74285888671875
-201.74285888671875
-6.915934085845947
-35.591758728027344
190.27252197265625
23.952747344970703
23.952747344970703
-199.38131713867188
-5.22912073135376
-145.5719757080078
214.89999389648438
-214.7313232421875
-214.7313232421875
188.4170379638672
188.4170379638672
198.87527465820312
197.6945037841797
197.6945037841797
-88.38900756835938
200.39340209960938
200.39340209960938
157.37966918945312
-156.87362670898438
-156.87362670898438
91.42527770996094
-29.350549697875977
-29.350549697875977
75.56922912597656
-26.651647567749023
-203.59835815429688
-211.69505310058594
-211.69505310058594
142.19834899902344
-181.1637420654297
-181.1637420654297
-88.89505767822266
-173.74176025390625
149.7890167236328
149.7890167236328
-6.747252941131592
-211.5263671875
-211.5263671875
-14.675274848937988
-209.33351135253906
7.590659141540527
-220.12911987304688
-154.34339904785156
-174.41648864746094
-174.41648864746094
133.93296813964844
-30.36263656616211
-0.6747252941131592
-0.6747252941131592
-226.5390167236328
-24.627471923828125
164.9703369140625
46.21868133544922
-23.44670295715332
-23.44670295715332
-160.24725341796875
-160.24725341796875
-115.54669952392578
-9.952198028564453
-9.952198028564453
-197.86318969726562
-197.86318969726562
-3.0362637042999268
-3.0362637042999268
-17.880220413208008
-17.880220413208008
199.04396057128906
125.4989013671875
125.4989013671875
125.4989013671875
125.3302230834961
125.3302230834961
151.475830078125
151.475830078125
121.95659637451172
178.29615783691406
178.29615783691406
-225.6956024169922
-225.6956024169922
-199.38131713867188
-199.38131713867188
-97.83516693115234
-97.83516693115234
-226.87637329101562
-226.87637329101562
-232.78021240234375
-232.78021240234375
-234.12966918945312
-234.12966918945312
154.1747283935547
154.1747283935547
-250.3230743408203
-250.3230743408203
-185.38076782226562
-185.38076782226562
38.79670333862305
129.54725646972656
129.54725646972656
173.9104461669922
173.9104461669922
-190.10385131835938
-190.10385131835938
142.87307739257812
142.87307739257812
-24.121429443359375
-25.30219841003418
163.95823669433594
163.95823669433594
160.24725341796875
160.24725341796875
-131.57142639160156
-131.57142639160156
-44.02582550048828
-198.36923217773438
-198.36923217773438
123.47472381591797
123.47472381591797
-73.03900909423828
145.5719757080078
-49.25494384765625
-49.25494384765625
84.50933837890625
84.50933837890625
84.50933837890625
-31.880769729614258
162.4401092529297
-108.79945373535156
-108.79945373535156
-210.5142822265625
161.4280242919922
134.60769653320312
134.60769653320312
-206.46592712402344
-206.46592712402344
76.75
-203.09230041503906
-4.2170329093933105
-4.2170329093933105
49.592308044433594
49.592308044433594
130.39065551757812
130.39065551757812
-193.14010620117188
-193.14010620117188
171.7175750732422
-69.15933990478516
-69.15933990478516
-166.9945068359375
-166.9945068359375
-84.67802429199219
-84.67802429199219
135.95713806152344
29.350549697875977
-11.63901138305664
-11.63901138305664
-210.34561157226562
-210.34561157226562
-17.711538314819336
194.99560546875
194.99560546875
-7.9280219078063965
39.977474212646484
39.977474212646484
-24.458791732788086
-220.63516235351562
-221.47857666015625
-223.3340606689453
-223.3340606689453
155.1868133544922
-228.05714416503906
-57.014286041259766
-57.014286041259766
162.27142333984375
126.510986328125
126.510986328125
126.510986328125
183.35659790039062
-2.0241758823394775
-2.0241758823394775
4.55439567565918
4.55439567565918
-24.964834213256836
-24.964834213256836
-226.20164489746094
-173.06703186035156
-173.06703186035156
23.78406524658203
-26.482967376708984
-25.9769229888916
-25.9769229888916
122.12527465820312
122.12527465820312
-229.2379150390625
-7.590659141540527
-7.590659141540527
-180.15164184570312
-180.15164184570312
-188.75439453125
-188.75439453125
-133.25823974609375
-133.25823974609375
116.89615631103516
-18.048900604248047
-18.048900604248047
-70.00274658203125
-70.00274658203125
121.28186798095703
121.28186798095703
177.9587860107422
177.9587860107422
91.76263427734375
91.76263427734375
-97.83516693115234
-97.83516693115234
143.04176330566406
143.04176330566406
186.0554962158203
186.0554962158203
-15.687362670898438
-15.687362670898438
-179.98297119140625
-179.98297119140625
-187.7423095703125
-187.7423095703125
23.78406524658203
23.78406524658203
-8.265384674072266
-8.265384674072266
-168.6813201904297
-168.6813201904297
-78.94285583496094
-212.53846740722656
-212.53846740722656
160.58460998535156
160.58460998535156
149.45164489746094
149.45164489746094
-6.915934085845947
19.904396057128906
19.904396057128906
-16.19340705871582
-16.19340705871582
-177.28407287597656
-177.28407287597656
-177.28407287597656
-156.53627014160156
159.90989685058594
159.90989685058594
148.77691650390625
8.265384674072266
8.265384674072266
-159.40383911132812
-159.40383911132812
179.4769287109375
179.4769287109375
182.51318359375
182.51318359375
-8.602746963500977
-190.4412078857422
18.55494499206543
18.55494499206543
-162.10275268554688
-162.10275268554688
-3.8796703815460205
47.399452209472656
47.399452209472656
47.399452209472656
187.7423095703125
187.7423095703125
187.7423095703125
111.32967376708984
-189.7664794921875
-149.11428833007812
-149.11428833007812
208.65879821777344
36.60384750366211
36.60384750366211
172.5609893798828
-199.7186737060547
-199.7186737060547
186.22418212890625
-168.51263427734375
-9.952198028564453
-9.952198028564453
-70.3401107788086
-70.3401107788086
18.386262893676758
166.82582092285156
-10.964285850524902
-10.964285850524902
100.87142944335938
100.87142944335938
-154.68077087402344
-154.68077087402344
153.8373565673828
-22.265933990478516
-22.265933990478516
12.9884614944458
-18.55494499206543
-18.55494499206543
-207.8153839111328
-207.8153839111328
-93.11209106445312
-93.11209106445312
176.27197265625
-15.687362670898438
-15.687362670898438
-37.61593246459961
-37.61593246459961
165.13900756835938
135.2824249267578
135.2824249267578
170.36813354492188
170.36813354492188
170.36813354492188
-109.64286041259766
122.46263885498047
6.409890174865723
6.409890174865723
-178.12747192382812
-213.2131805419922
-213.2131805419922
-0.3373626470565796
-0.3373626470565796
-5.060439586639404
-206.46592712402344
-89.73846435546875
-19.060989379882812
-197.86318969726562
-197.86318969726562
15.518681526184082
15.518681526184082
-5.397802352905273
-5.397802352905273
-166.9945068359375
-166.9945068359375
-66.96648406982422
-172.5609893798828
-210.85165405273438
-210.85165405273438
-210.85165405273438
90.07582092285156
-32.55549621582031
-22.603296279907227
127.86044311523438
127.86044311523438
141.52362060546875
172.72967529296875
-199.5500030517578
-173.06703186035156
107.78736114501953
107.78736114501953
-24.290109634399414
39.64011001586914
-23.27802276611328
-23.27802276611328
-233.45494079589844
-173.2357177734375
-184.0313262939453
-47.56813049316406
-241.0456085205078
-241.0456085205078
-28.33846092224121
-28.33846092224121
-114.87197875976562
-114.87197875976562
-12.9884614944458
-12.9884614944458
-164.63296508789062
-164.63296508789062
-174.41648864746094
-113.85989379882812
-113.85989379882812
-127.52307891845703
-127.52307891845703
148.2708740234375
148.2708740234375
76.5813217163086
76.5813217163086
-154.1747283935547
-154.1747283935547
32.21813201904297
32.21813201904297
-13.831868171691895
-13.831868171691895
-178.63351440429688
50.098350524902344
50.098350524902344
-213.2131805419922
-222.3219757080078
-222.3219757080078
-222.3219757080078
121.95659637451172
121.95659637451172
182.68186950683594
-43.519779205322266
-43.519779205322266
152.31922912597656
39.47142791748047
39.47142791748047
169.18736267089844
-20.747802734375
-20.747802734375
190.27252197265625
190.27252197265625
127.86044311523438
127.86044311523438
190.27252197265625
184.36868286132812
184.1999969482422
184.1999969482422
180.15164184570312
180.15164184570312
179.64559936523438
178.63351440429688
178.63351440429688
177.11538696289062
177.11538696289062
-227.5511016845703
190.27252197265625
190.27252197265625
-226.20164489746094
-106.26923370361328
-22.265933990478516
-22.265933990478516
71.3521957397461
39.3027458190918
192.12802124023438
192.12802124023438
-27.326374053955078
184.53736877441406
-231.59945678710938
-171.88626098632812
-171.88626098632812
-192.2967071533203
-62.07472610473633
-62.07472610473633
168.6813201904297
168.6813201904297
100.02802276611328
-114.87197875976562
-114.87197875976562
-2.6989011764526367
-2.6989011764526367
125.3302230834961
145.74066162109375
145.74066162109375
12.482417106628418
12.482417106628418
-93.61813354492188
-17.036813735961914
159.23516845703125
-213.2131805419922
-156.70494079589844
-156.70494079589844
-160.0785675048828
-160.0785675048828
-156.53627014160156
25.47087860107422
-218.4423065185547
-218.4423065185547
-137.81263732910156
-137.81263732910156
-25.63956069946289
-25.63956069946289
41.49560546875
41.49560546875
-185.0434112548828
193.14010620117188
193.14010620117188
194.15219116210938
-3.710988998413086
-3.710988998413086
-2.192857027053833
-2.192857027053833
2.867582321166992
-101.04010772705078
184.87472534179688
184.87472534179688
160.92198181152344
-52.45988845825195
-52.45988845825195
199.7186737060547
208.4901123046875
-15.181318283081055
-15.181318283081055
-143.37911987304688
229.2379150390625
45.20659255981445
45.20659255981445
38.79670333862305
82.1478042602539
84.17198181152344
-190.94725036621094
-190.94725036621094
-190.94725036621094
119.0890121459961
-169.86209106445312
-34.74835205078125
-182.00714111328125
-182.00714111328125
-181.1637420654297
62.91813278198242
8.265384674072266
-32.38681411743164
48.411537170410156
48.411537170410156
100.36538696289062
100.36538696289062
-1.855494499206543
125.83626556396484
125.83626556396484
94.46154022216797
94.46154022216797
-15.687362670898438
155.01812744140625
205.11648559570312
205.11648559570312
123.81208801269531
123.81208801269531
-215.40603637695312
-215.40603637695312
208.32142639160156
209.8395538330078
209.8395538330078
-171.7175750732422
-13.157142639160156
-154.00604248046875
-154.00604248046875
-183.35659790039062
-183.35659790039062
173.06703186035156
-22.940658569335938
-22.940658569335938
136.80055236816406
-193.64614868164062
-193.64614868164062
69.83406829833984
69.83406829833984
-208.65879821777344
-2.6989011764526367
-2.6989011764526367
-121.78791046142578
-121.78791046142578
128.36648559570312
128.36648559570312
-53.13461685180664
152.4879150390625
-180.65769958496094
-180.65769958496094
-6.915934085845947
-6.915934085845947
-205.11648559570312
-205.11648559570312
17.880220413208008
17.880220413208008
165.81373596191406
181.5010986328125
181.5010986328125
-191.11593627929688
-191.11593627929688
156.1988983154297
156.1988983154297
-20.241758346557617
-20.241758346557617
-227.38241577148438
-221.14120483398438
-221.14120483398438
-221.14120483398438
101.37747192382812
132.752197265625
140.51153564453125
184.53736877441406
-190.778564453125
-204.44175720214844
-204.44175720214844
-204.44175720214844
-133.59561157226562
-133.59561157226562
122.12527465820312
122.12527465820312
-183.1879119873047
-183.1879119873047
33.230220794677734
33.230220794677734
-139.16209411621094
-139.16209411621094
-139.16209411621094
-24.121429443359375
-24.121429443359375
-254.5401153564453
-254.5401153564453
-254.5401153564453
162.4401092529297
-25.30219841003418
-25.30219841003418
4.55439567565918
-143.04176330566406
-33.736263275146484
-33.736263275146484
135.2824249267578
-211.1890106201172
-116.05274963378906
-116.05274963378906
-113.35384368896484
-113.35384368896484
-114.19725036621094
-114.19725036621094