0.42724609375
0.48828125
0.3662109375
0.48828125
0.67138671875
0.48828125
0.3662109375
0.30517578125
0.42724609375
0.30517578125
0.3662109375
0.48828125
0.42724609375
1.8310546875
2.99072265625
-3.96728515625
1.5869140625
-4.638671875
-3.72314453125
-1.15966796875
-1.46484375
-5.18798828125
-0.30517578125
12.63427734375
13.427734375
11.41357421875
7.26318359375
15.7470703125
26.18408203125
26.67236328125
60.791015625
63.720703125
74.76806640625
85.38818359375
60.36376953125
39.73388671875
30.45654296875
25.57373046875
34.48486328125
23.25439453125
24.84130859375
27.64892578125
17.88330078125
18.73779296875
18.9208984375
19.34814453125
20.69091796875
24.71923828125
28.3203125
30.33447265625
26.611328125
32.2265625
39.48974609375
21.42333984375
17.88330078125
7.01904296875
2.685546875
-15.80810546875
-20.8740234375
-21.1181640625
-17.15087890625
-15.7470703125
-9.82666015625
-7.01904296875
-8.11767578125
-37.17041015625
-51.513671875
-45.5322265625
-43.3349609375
-44.0673828125
-12.63427734375
-11.77978515625
-6.77490234375
-4.57763671875
-7.38525390625
-44.12841796875
-12.451171875
-1.15966796875
-0.79345703125
-2.5634765625
53.16162109375
34.24072265625
3.5400390625
10.07080078125
47.607421875
62.19482421875
45.166015625
31.494140625
15.625
8.85009765625
4.57763671875
18.9208984375
24.47509765625
38.2080078125
80.4443359375
88.07373046875
87.21923828125
81.298828125
41.07666015625
10.7421875
-0.9765625
9.1552734375
13.427734375
7.38525390625
3.11279296875
8.9111328125
9.94873046875
9.033203125
4.45556640625
-1.64794921875
28.4423828125
65.91796875
66.83349609375
74.64599609375
68.05419921875
57.6171875
10.19287109375
6.7138671875
9.521484375
8.1787109375
-1.3427734375
2.685546875
86.669921875
52.06298828125
8.9111328125
-0.244140625
-6.103515625
-2.5634765625
-4.0283203125
-4.82177734375
-5.859375
-8.544921875
-5.79833984375
-2.25830078125
-1.77001953125
-1.3427734375
1.220703125
-0.3662109375
-11.1083984375
-3.7841796875
-1.953125
-8.7890625
45.83740234375
16.41845703125
19.6533203125
84.77783203125
-12.6953125
-8.544921875
-14.46533203125
-4.57763671875
-4.94384765625
-4.94384765625
102.05078125
98.44970703125
100.15869140625
101.62353515625
105.5908203125
84.65576171875
12.39013671875
2.74658203125
10.25390625
0.244140625
6.4697265625
69.88525390625
63.720703125
43.27392578125
39.48974609375
14.5263671875
10.92529296875
-8.6669921875
5.126953125
6.9580078125
-15.56396484375
-9.21630859375
-16.90673828125
-8.48388671875
-14.892578125
-14.6484375
-7.2021484375
1.220703125
-1.953125
57.31201171875
49.37744140625
6.8359375
11.41357421875
4.8828125
3.7841796875
0.79345703125
4.08935546875
-27.34375
-47.36328125
-4.45556640625
-2.13623046875
-6.7138671875
-3.662109375
-3.60107421875
-2.685546875
-5.92041015625
17.4560546875
50.35400390625
29.296875
8.85009765625
3.7841796875
2.685546875
3.47900390625
6.9580078125
2.0751953125
0.79345703125
2.13623046875
0.0
6.7138671875
1.5869140625
29.541015625
29.60205078125
26.123046875
36.43798828125
50.59814453125
69.9462890625
69.27490234375
73.1201171875
69.091796875
74.3408203125
75.1953125
72.32666015625
65.49072265625
5.67626953125
5.79833984375
3.662109375
-10.009765625
-7.01904296875
-4.638671875
32.28759765625
4.8828125
4.7607421875
7.6904296875
1.03759765625
4.7607421875
0.244140625
3.35693359375
6.7138671875
1.52587890625
2.8076171875
2.13623046875
20.44677734375
69.7021484375
22.27783203125
5.2490234375
2.685546875
4.57763671875
-1.15966796875
-3.72314453125
-4.150390625
-53.8330078125
-9.21630859375
-4.5166015625
-3.90625
11.16943359375
59.87548828125
64.63623046875
9.82666015625
68.84765625
67.626953125
72.8759765625
76.0498046875
81.11572265625
70.12939453125
37.9638671875
13.61083984375
4.94384765625
8.85009765625
-1.220703125
0.06103515625
-0.6103515625
33.87451171875
66.650390625
74.5849609375
71.2890625
34.1796875
5.92041015625
5.43212890625
7.26318359375
3.60107421875
-37.7197265625
-23.37646484375
-13.12255859375
-2.99072265625
-32.958984375
-8.4228515625
-8.4228515625
-46.0205078125
-30.76171875
-2.86865234375
-36.865234375
-47.607421875
-53.64990234375
-27.16064453125
-6.9580078125
-9.46044921875
-36.68212890625
-4.69970703125
-0.732421875
-18.24951171875
-36.7431640625
-9.8876953125
-7.14111328125
4.33349609375
-16.357421875
-8.48388671875
-6.9580078125
-2.13623046875
3.0517578125
11.962890625
26.30615234375
9.70458984375
-4.2724609375
24.23095703125
54.13818359375
59.2041015625
18.5546875
22.76611328125
68.7255859375
57.2509765625
29.296875
6.8359375
42.29736328125
57.6171875
27.03857421875
-0.42724609375
-15.380859375
23.193359375
35.94970703125
39.794921875
46.875
24.47509765625
8.48388671875
-28.50341796875
-32.53173828125
-13.12255859375
7.9345703125
1.89208984375
3.72314453125
0.67138671875
0.48828125
0.30517578125
-2.5634765625
0.67138671875
0.3662109375
0.3662109375
0.3662109375
0.48828125
0.54931640625
0.67138671875
0.3662109375
-0.8544921875
-0.244140625
1.3427734375
0.8544921875
1.46484375
-0.244140625
0.67138671875
0.42724609375
0.48828125
0.48828125
0.3662109375
0.48828125
0.30517578125
