0.0
0.12928688526153564
0.12449848651885986
0.10055647045373917
0.1364694982767105
0.15083470940589905
0.15322890877723694
0.0933738648891449
0.1364694982767105
0.11013327538967133
-0.6560112833976746
-0.5003881454467773
-1.7956511974334717
-2.31758713722229
-1.01753568649292
-1.3096283674240112
0.2585737705230713
-6.543353080749512
-6.220135688781738
-3.426102638244629
1.9249380826950073
1.6112977266311646
-1.7262194156646729
-0.1388636976480484
-1.8124107122421265
-4.72615385055542
8.099584579467773
-2.473210334777832
-3.4787750244140625
2.140416383743286
-3.1675288677215576
0.4405331015586853
-3.797203779220581
2.669534921646118
-2.5546131134033203
2.7964274883270264
5.274426460266113
-3.179499864578247
-0.009576806798577309
1.0127472877502441
-2.6431987285614014
2.6120738983154297
1.7166426181793213
3.4955344200134277
4.76924991607666
1.8626888990402222
1.2545616626739502
-1.2976572513580322
-1.8124107122421265
5.592854976654053
0.1412578970193863
-5.394136428833008
0.33518823981285095
-1.8195933103561401
-1.8722656965255737
1.0199298858642578
-0.9409212470054626
-5.209782600402832
4.050989151000977
0.2106897532939911
3.507505416870117
-9.39484691619873
3.8977603912353516
8.415618896484375
0.6823474764823914
1.422155737876892
1.3527239561080933
2.9161376953125
5.451597213745117
-0.5602431893348694
-1.6639701128005981
1.8004395961761475
-4.173093318939209
0.4141968786716461
-1.3934253454208374
1.647210717201233
1.723825216293335
-1.580173134803772
-1.580173134803772
5.140350818634033
5.140350818634033
5.140350818634033
5.140350818634033
0.5793967843055725
0.5793967843055725
0.5793967843055725
2.7293899059295654
8.468291282653809
3.509899616241455
1.4724340438842773
2.760514497756958
2.2409727573394775
0.272938996553421
6.342240333557129
1.42454993724823
-2.5306711196899414
-4.788403511047363
4.481945514678955
3.3231518268585205
4.082113742828369
5.513846397399902
0.19153612852096558
0.9648632407188416
1.3455413579940796
1.501164436340332
1.2928688526153564
0.4429273009300232
1.1851298809051514
-3.2632968425750732
0.4405331015586853
2.358288526535034
10.539276123046875
1.0055646896362305
-3.287238836288452
3.737348794937134
-2.3032219409942627
0.5865793824195862
-1.2761094570159912
1.137245774269104
2.9472622871398926
3.3662474155426025
5.856217384338379
2.6815059185028076
3.974374771118164
10.560823440551758
-2.8610708713531494
-6.684610843658447
-1.2114660739898682
4.094084739685059
0.4836287498474121
-2.9472622871398926
0.5195417404174805
-1.3910311460494995
-3.957615375518799
2.2864625453948975
-5.693411350250244
-2.7317841053009033
-0.2609679698944092
3.00711727142334
3.507505416870117
-2.6192567348480225
-3.509899616241455
-3.2537200450897217
0.15083470940589905
6.713341236114502
2.6144680976867676
-4.335899353027344
4.8602294921875
1.5945383310317993
6.610390663146973
4.829104900360107
-3.6343982219696045
-4.795586109161377
-5.513846397399902
-0.9193734526634216
-0.8068459630012512
-2.8993782997131348
-10.110713958740234
-5.949591159820557
0.9457096457481384
-4.888959884643555
1.4413094520568848
-2.1475989818573
3.88818359375
2.8131868839263916
-0.7350199222564697
5.853823184967041
6.809109687805176
-0.31124621629714966
5.1331682205200195
1.8914192914962769
-0.47644612193107605
3.28963303565979
0.3016694188117981
-5.736507415771484
5.980715751647949
9.050082206726074
-0.9768342971801758
-0.33758243918418884
8.01339340209961
-0.5554547905921936
2.1356279850006104
9.641449928283691
-3.064578056335449
10.022128105163574
-2.6120738983154297
-1.5945383310317993
-5.262455463409424
0.5889735817909241
3.9432501792907715
1.1635819673538208
5.772420406341553
5.449203014373779
-2.492363929748535
2.6599581241607666
-6.607996463775635
-0.9313444495201111
-3.2800562381744385
6.167463302612305
6.124367713928223
4.924872875213623
-7.613561153411865
-1.9273322820663452
-2.7533318996429443
4.10366153717041
3.2561142444610596
3.093308448791504
2.6575639247894287
-2.602497100830078
1.091755986213684
-1.5322890281677246
-1.455674648284912
-5.6191911697387695
5.880159378051758
1.1276689767837524
6.100425720214844
-1.2521674633026123
-4.393360137939453
-0.8786720037460327
0.4572925269603729
4.065354347229004
1.137245774269104
-0.05746084079146385
-0.4381389021873474
5.456385612487793
1.2473790645599365
-2.7269957065582275
3.0119056701660156
3.998316764831543
-3.378218650817871
-2.336740732192993
-0.9217676520347595
5.537788391113281
4.654327869415283
-1.965639591217041
8.17380428314209
6.584054470062256
-0.24899697303771973
-5.03021764755249
2.671929121017456
5.250484466552734
-5.485116004943848
1.7788918018341064
1.8124107122421265
5.2672438621521
-3.2992098331451416
-1.2952630519866943
-1.2952630519866943
5.506663799285889
5.506663799285889
0.5171475410461426
9.351751327514648
9.351751327514648
-2.3104045391082764
-2.3104045391082764
-2.3104045391082764
-2.3104045391082764
-2.3104045391082764
-2.3104045391082764
-2.3104045391082764
-2.3104045391082764
1.5298948287963867
1.5298948287963867
-4.678269863128662
-4.678269863128662
-0.004788403399288654
-0.004788403399288654
-0.3758896589279175
-6.344634532928467
-1.8124107122421265
-0.6751648783683777
-2.449268341064453
2.827552080154419
0.16519992053508759
2.513911724090576
-2.937685489654541
-5.34625244140625
4.520252704620361
-5.501875400543213
-4.505887508392334
3.8091747760772705
-1.6783353090286255
3.090914249420166
1.8770540952682495
6.509834289550781
-8.69334602355957
0.871489405632019
-2.477998733520508
-3.6128501892089844
-3.1292216777801514
0.7422025203704834
4.1180267333984375
-0.7134720683097839
-2.296039342880249
2.3726539611816406
8.793902397155762
1.3239935636520386
1.6855180263519287
-2.126051187515259
2.4660277366638184
-8.267178535461426
6.31829833984375
0.591367781162262
5.623979568481445
-11.197681427001953
3.4332852363586426
-4.321534156799316
-1.359906554222107
-0.38067805767059326
1.7070658206939697
2.0614075660705566
2.0614075660705566
-3.622427225112915
-6.876147270202637
3.6343982219696045
-7.129932403564453
-3.6966474056243896
0.6248866319656372
0.6248866319656372
-7.422025203704834
-4.865017890930176
-4.110844135284424
2.1811177730560303
2.4899697303771973
5.056553840637207
-0.24899697303771973
0.09576806426048279
1.2258312702178955
-4.273650169372559
4.153939723968506
-2.518700122833252
0.304063618183136
0.17956513166427612
1.0845733880996704
4.551377296447754
-2.092532157897949
-0.004788403399288654
3.7852327823638916
4.1611223220825195
3.507505416870117
0.7948749661445618
4.005499362945557
1.9752163887023926
1.6711527109146118
-0.5243301391601562
1.3287819623947144
-0.208295539021492
-2.868253707885742
-3.117250442504883
-2.3726539611816406
5.008669853210449
-2.8371288776397705
2.3558943271636963
2.6192567348480225
1.2018892765045166
1.0462660789489746
0.21308395266532898
1.9488801956176758
0.6967126727104187
1.2641384601593018
0.9265560507774353
7.125144004821777
7.125144004821777
7.125144004821777
-3.5410242080688477
-0.3064578175544739
1.843535304069519
-12.018892288208008
-7.580042362213135
-7.580042362213135
-7.580042362213135
-5.238513469696045
3.6391866207122803
0.993593692779541
-1.8148049116134644
4.479551315307617
4.479551315307617
4.479551315307617
4.479551315307617
0.3495534360408783
0.3495534360408783
-3.957615375518799
-2.8538882732391357
-0.06464344263076782
-0.06464344263076782
-0.06464344263076782
2.7054479122161865
7.2089409828186035
1.4628572463989258
1.4628572463989258
1.4628572463989258
1.4628572463989258
1.4628572463989258
1.4628572463989258
1.4628572463989258
-3.2537200450897217
-3.2537200450897217
-3.2537200450897217
3.643975019454956
3.643975019454956
3.643975019454956
3.643975019454956
3.643975019454956
3.643975019454956
2.935291290283203
1.2856862545013428
-12.203246116638184
-12.203246116638184
1.86508309841156
-0.7757213115692139
2.8179752826690674
2.1547815799713135
-0.569819986820221
1.8842366933822632
-5.353435039520264
0.17477671802043915
1.1516109704971313
2.5067291259765625
-2.3319523334503174
-3.778050184249878
7.216123580932617
-0.8427590131759644
0.8643068075180054
0.8643068075180054
1.8171991109848022
-13.424288749694824
-1.3503297567367554
3.2800562381744385
0.9792284965515137
2.3989901542663574
-2.80361008644104
-5.363011837005615
-6.3302693367004395
-2.7940332889556885
9.334992408752441
-1.721431016921997
3.4955344200134277
-0.47884032130241394
-5.935225963592529
2.5977087020874023
-2.140416383743286
-1.9608511924743652
0.33039984107017517
5.382165431976318
5.918466567993164
4.048594951629639
-0.7062894701957703
-1.0295066833496094
1.0965443849563599
2.406172752380371
2.5761609077453613
-3.3854012489318848
0.833182156085968
1.8171991109848022
4.448426723480225
-5.506663799285889
1.8195933103561401
-2.1068973541259766
2.1523873805999756
3.928884983062744
4.072536945343018
1.1707645654678345
-4.10366153717041
-1.0893617868423462
-1.1180921792984009
0.014365210197865963
-2.942473888397217
-5.765237808227539
6.777985095977783
6.320692539215088
4.010287761688232
0.9720458984375
-2.056619167327881
2.0829553604125977
-6.00226354598999
1.4173673391342163
3.332728624343872
3.19865345954895
5.810727596282959
-1.3694833517074585
-1.3694833517074585
-0.48123452067375183
0.730231523513794
-4.55616569519043
-1.745373010635376
-1.139639973640442
-1.7070658206939697
3.579331398010254
0.42377370595932007
-5.2911858558654785
7.987056732177734
-10.177751541137695
5.884947776794434
-2.5234885215759277
0.912190854549408
-5.774814605712891
-5.738901615142822
-1.7525556087493896
0.2849099934101105
-1.3239935636520386
0.933738648891449
-5.853823184967041
-0.12210428714752197
8.552088737487793
-4.850652694702148
7.936778545379639
0.9193734526634216
-13.807360649108887
0.8044517636299133
3.023876667022705
-7.620743751525879
0.038307227194309235
6.916848659515381
6.916848659515381
3.2609026432037354
-1.4867992401123047
4.721365451812744
3.1028852462768555
0.24181437492370605
1.7334020137786865
-1.2761094570159912
1.4077905416488647
5.152321815490723
-5.329493045806885
-2.8610708713531494
8.24084186553955
-1.137245774269104
2.4372973442077637
1.9177554845809937
-3.648763418197632
1.01753568649292
6.742072105407715
-0.5817909836769104
-0.591367781162262
0.6057330369949341
2.6001029014587402
4.1180267333984375
-3.5721487998962402
-5.650315761566162
-3.8283283710479736
-8.10437297821045
1.2641384601593018
1.8602946996688843
-2.4588451385498047
-1.5131354331970215
2.8826189041137695
-5.513846397399902
-5.085284233093262
-3.0621838569641113
-3.8522703647613525
5.094861030578613
6.435614109039307
1.0965443849563599
3.840299367904663
2.9688100814819336
2.580949306488037
0.12928688526153564
-0.6823474764823914
-3.5673604011535645
1.9225438833236694
5.04218864440918
3.869029998779297
0.833182156085968
1.1444283723831177
7.072471618652344
-7.496245384216309
0.22744916379451752
0.4572925269603729
-0.8451532125473022
0.5243301391601562
-2.070984363555908
-4.127603530883789
-6.971915245056152
8.508993148803711
1.4101847410202026
-1.3192051649093628
-2.408566951751709
1.7788918018341064
1.8100165128707886
-0.7182605266571045
-10.675745010375977
-2.0231003761291504
2.2697031497955322
1.3527239561080933
3.9264907836914062
-0.18914192914962769
-0.18914192914962769
0.090979665517807
11.226411819458008
-1.6400281190872192
-3.383007049560547
-5.056553840637207
-2.4013843536376953
3.1962592601776123
-1.058237075805664
1.3862427473068237
1.8722656965255737
3.201047658920288
-4.60165548324585
0.6919242739677429
1.8962076902389526
1.0055646896362305
0.24181437492370605
-0.2753331959247589
0.15083470940589905
-0.10055647045373917
0.29209259152412415
0.45250412821769714
0.05267243832349777
0.14844051003456116
0.15562310814857483
0.7134720683097839
-1.929726481437683
0.24181437492370605
2.166752576828003
2.8610708713531494
-1.4963760375976562
6.8162922859191895
6.8162922859191895
2.032677173614502
0.6200982332229614
1.8028337955474854
4.390965938568115
1.8962076902389526
5.341464042663574
2.2864625453948975
4.261679172515869
0.8810662031173706
3.3399112224578857
1.6927006244659424
3.758896589279175
-0.8307879567146301
4.259284973144531
-1.2713210582733154
2.2194249629974365
3.0310592651367188
-3.050212860107422
1.2856862545013428
-4.398148536682129
-4.355052947998047
-7.41484260559082
-3.4117374420166016
2.4612393379211426
-5.125985622406006
1.7142484188079834
-4.106055736541748
-1.9991583824157715
-4.177881717681885
-6.936002254486084
-2.920926094055176
-0.38546645641326904
-0.7805097699165344
2.1475989818573
2.252943754196167
-3.706224203109741
2.1308395862579346
6.2632317543029785
3.44765043258667
-0.395043283700943
8.365340232849121
3.8307225704193115
-10.113107681274414
3.1914708614349365
-0.849941611289978
-1.1037269830703735
-6.18422269821167
-3.7612907886505127
-2.8179752826690674
2.5713725090026855
4.6471452713012695
6.196193695068359
-1.2545616626739502
-4.436455726623535
-3.8810009956359863
-1.965639591217041
-5.449203014373779
-0.2513911724090576
2.1547815799713135
-8.822632789611816
-1.3623007535934448
0.3711012601852417
4.967968463897705
-0.9074024558067322
0.15083470940589905
0.49799394607543945
0.3280056416988373
0.181959331035614
-0.0071826050989329815
-0.4884171485900879
-2.161964178085327
0.711077868938446
-1.2018892765045166
-0.48602294921875
1.5514426231384277
5.509057998657227
-1.0989385843276978
-1.7357962131500244
-0.6009446382522583
2.5761609077453613
2.7030537128448486
0.5363011956214905
1.0055646896362305
-1.1300631761550903
-1.1875240802764893
0.24899697303771973
-0.1628057062625885
0.038307227194309235
0.2753331959247589
0.8188169598579407
0.545877993106842
0.07661445438861847
0.5602431893348694
0.8140285611152649
-0.7541735172271729
0.13168108463287354
0.08858545869588852
0.31124621629714966
0.5482721924781799
0.19153612852096558
-1.8914192914962769
-1.6639701128005981
-3.351882219314575
-0.15322890877723694
-4.050989151000977
-1.2210428714752197
0.24420857429504395
-3.648763418197632
-1.7932569980621338
-3.6391866207122803
-1.3838485479354858
1.599326729774475
-0.8236053586006165
-1.8698714971542358
-1.8818424940109253
-0.9193734526634216
-7.802703380584717
0.4908113479614258
0.5147533416748047
-1.5394716262817383
-4.022258758544922
-0.3208230137825012
0.35673603415489197
3.047818660736084
-2.6671407222747803
-5.872976779937744
-8.274360656738281
-4.333505153656006
-1.3551181554794312
-7.948749542236328
-1.522712230682373
-1.8411411046981812
0.8882488012313843
2.7461493015289307
-6.100425720214844
1.6855180263519287
11.980585098266602
4.347870349884033
8.844181060791016
-2.0685901641845703
2.2361843585968018
-9.694122314453125
-1.944091796875
-4.989516258239746
2.741360902786255
-3.155557870864868
-10.611102104187012
-1.4269441366195679
-0.8906430006027222
2.9089550971984863
1.0079588890075684
-2.2433669567108154
-2.2433669567108154
1.2617442607879639
3.957615375518799
0.912190854549408
1.2066776752471924
2.7724854946136475
3.375824451446533
0.5793967843055725
1.0103530883789062
8.147468566894531
1.7094600200653076
3.797203779220581
-4.213794708251953
0.09576806426048279
3.5913023948669434
13.898340225219727
1.1252747774124146
-0.17238251864910126
11.94946002960205
-2.049436569213867
2.126051187515259
0.9313444495201111
4.592078685760498
5.197811603546143
-1.2952630519866943
0.7398083209991455
1.9225438833236694
0.2801215946674347
-0.1364694982767105
-0.07661445438861847
-0.07661445438861847
-0.0454898327589035