-10.964285850524902
-9.44615364074707
-9.44615364074707
-9.614834785461426
-8.09670352935791
-8.09670352935791
-10.795604705810547
-11.63901138305664
-11.807692527770996
-9.614834785461426
-9.614834785461426
-9.952198028564453
-9.952198028564453
0.0
-214.0565948486328
-214.0565948486328
180.8263702392578
30.868680953979492
30.868680953979492
-34.410987854003906
223.3340606689453
9.783516883850098
9.783516883850098
224.85220336914062
224.85220336914062
-201.40548706054688
-201.40548706054688
-123.47472381591797
-123.47472381591797
-191.79066467285156
-191.79066467285156
4.048351764678955
136.2945098876953
136.2945098876953
-207.14065551757812
93.44944763183594
93.44944763183594
-167.6692352294922
-167.6692352294922
188.58570861816406
188.58570861816406
84.34066009521484
84.34066009521484
-216.92417907714844
-226.03297424316406
-226.03297424316406
13.831868171691895
-27.157691955566406
-164.80165100097656
-224.17747497558594
-12.145054817199707
-25.30219841003418
-25.30219841003418
120.77582550048828
120.77582550048828
-230.75604248046875
-230.75604248046875
163.95823669433594
136.80055236816406
136.80055236816406
-96.4857177734375
-96.4857177734375
-225.0208740234375
29.687911987304688
-195.3329620361328
0.6747252941131592
30.868680953979492
30.868680953979492
179.98297119140625
179.98297119140625
-35.25439453125
136.2945098876953
136.2945098876953
-168.17527770996094
146.5840606689453
146.5840606689453
167.50054931640625
137.9813232421875
137.9813232421875
-26.482967376708984
145.40328979492188
-21.759889602661133
161.765380859375
161.765380859375
131.57142639160156
128.53517150878906
128.53517150878906
-51.44780349731445
-45.71263885498047
-45.71263885498047
-163.4521942138672
61.56867980957031
61.56867980957031
48.91758346557617
-225.6956024169922
173.9104461669922
173.9104461669922
143.04176330566406
143.04176330566406
140.17417907714844
182.85055541992188
182.85055541992188
-229.74395751953125
-29.181867599487305
-29.181867599487305
-234.97308349609375
-234.97308349609375
-238.00933837890625
-197.6945037841797
140.6802215576172
140.6802215576172
173.9104461669922
-236.32252502441406
-236.32252502441406
64.43626403808594
64.43626403808594
145.5719757080078
145.5719757080078
-34.91703414916992
-235.31044006347656
145.234619140625
145.234619140625
-33.904945373535156
-192.971435546875
-228.39450073242188
-228.39450073242188
163.11483764648438
163.11483764648438
-176.9467010498047
120.26978302001953
-195.50164794921875
-182.51318359375
177.9587860107422
-43.519779205322266
-43.519779205322266
-30.700000762939453
-30.700000762939453
-27.66373634338379
21.422527313232422
21.422527313232422
173.74176025390625
173.74176025390625
173.74176025390625
-211.86373901367188
-211.86373901367188
-20.073076248168945
-20.073076248168945
-120.60713958740234
99.3532943725586
157.54835510253906
177.9587860107422
177.9587860107422
-95.13626098632812
145.40328979492188
-29.85659408569336
-19.735713958740234
-19.735713958740234
191.11593627929688
191.11593627929688
-118.92032623291016
-118.92032623291016
-208.32142639160156
-23.952747344970703
-23.952747344970703
183.86264038085938
-201.06813049316406
16.19340705871582
58.19505310058594
58.19505310058594
181.66978454589844
181.66978454589844
105.76318359375
105.76318359375
-143.21043395996094
150.29505920410156
130.0532989501953
130.0532989501953
-29.013187408447266
-29.013187408447266
-16.02472496032715
-157.2109832763672
-205.9598846435547
-205.9598846435547
-207.98406982421875
-207.98406982421875
-16.868131637573242
-16.868131637573242
191.11593627929688
-6.578571319580078
-6.578571319580078
-66.46044158935547
-66.46044158935547
-227.21372985839844
-66.29175567626953
-66.29175567626953
-32.55549621582031
-8.434065818786621
-8.434065818786621
-128.36648559570312
195.3329620361328
195.3329620361328
-17.542856216430664
-9.10879135131836
-9.10879135131836
-74.21977996826172
146.5840606689453
139.16209411621094
139.16209411621094
-12.482417106628418
162.27142333984375
-27.83241844177246
-27.83241844177246
-18.7236270904541
-36.60384750366211
169.86209106445312
-37.61593246459961
-37.61593246459961
189.59780883789062
-111.1609878540039
207.14065551757812
207.14065551757812
-159.40383911132812
160.58460998535156
160.58460998535156
175.76593017578125
179.64559936523438
23.27802276611328
25.133516311645508
25.133516311645508
13.494505882263184
13.494505882263184
-121.95659637451172
-205.9598846435547
-205.9598846435547
-161.4280242919922
-9.783516883850098
-9.783516883850098
140.0054931640625
140.0054931640625
-115.71538543701172
-143.7164764404297
-160.24725341796875
-160.24725341796875
115.04065704345703
-174.07911682128906
-174.07911682128906
163.2835235595703
114.70330047607422
-210.5142822265625
-210.5142822265625
199.38131713867188
199.38131713867188
-201.9115447998047
-201.9115447998047
132.24615478515625
0.1686813235282898
0.1686813235282898
34.57966995239258
34.57966995239258
-167.50054931640625
-186.39285278320312
-186.39285278320312
-38.4593391418457
53.13461685180664
-20.41044044494629
-20.41044044494629
-47.56813049316406
-47.56813049316406
171.04286193847656
171.04286193847656
-219.11703491210938
-11.301648139953613
-11.301648139953613
128.70384216308594
-193.47747802734375
122.12527465820312
122.12527465820312
157.2109832763672
157.2109832763672
-43.351097106933594
-43.351097106933594
116.72747039794922
116.72747039794922
-63.592857360839844
-43.519779205322266
-3.373626470565796
-3.373626470565796
167.6692352294922
139.49945068359375
139.49945068359375
-213.55055236816406
-173.40438842773438
-72.02692413330078
-72.02692413330078
-15.518681526184082
188.92308044433594
188.92308044433594
-198.5379180908203
-26.482967376708984
-26.482967376708984
-215.743408203125
-215.743408203125
175.2598876953125
175.2598876953125
-196.17637634277344
-101.71483612060547
14.337912559509277
14.337912559509277
173.2357177734375
123.81208801269531
123.81208801269531
122.80000305175781
-184.36868286132812
159.0664825439453
159.0664825439453
-216.0807647705078
-216.0807647705078
44.02582550048828
44.02582550048828
97.83516693115234
-236.65989685058594
-236.65989685058594
106.26923370361328
160.92198181152344
-157.71702575683594
-157.71702575683594
148.2708740234375
-200.39340209960938
-200.39340209960938
105.25714111328125
-193.9835205078125
-193.9835205078125
-5.22912073135376
-33.736263275146484
-33.736263275146484
39.977474212646484
39.977474212646484
127.01703643798828
-89.4011001586914
-89.4011001586914
112.51043701171875
-58.53241729736328
130.72802734375
130.72802734375
148.77691650390625
68.484619140625
70.5087890625
71.68955993652344
71.68955993652344
70.84615325927734
68.99066162109375
68.99066162109375
72.36428833007812
-221.14120483398438
-32.21813201904297
-32.21813201904297
-71.18351745605469
-138.14999389648438
-138.14999389648438
-132.0774688720703
-133.59561157226562
-133.59561157226562
-134.94505310058594
-134.94505310058594
-133.4269256591797
-133.4269256591797
