groundSteeringRequest,angularVelocityX,angularVelocityY,angularVelocityZ,magneticFieldX,magneticFieldY,magneticFieldZ,accelerationX,accelerationY,accelerationZ,heading,pedal,voltage,distance
0.015002922154963017,0.42724609375,0.42724609375,0.42724609375,289.30487060546875,-95.26746368408203,-125.4989013671875,-9.859322547912598,0.11971008032560349,-0.304063618183136,0.7405650019645691,0.025788141414523125,0.0057142856530845165,1.1799999475479126
0.07497909665107727,-0.30517578125,-0.30517578125,0.732421875,290.18048095703125,-97.54407501220703,-125.3302230834961,-9.943119049072266,-0.019153613597154617,-0.4213795065879822,0.7580975890159607,0.025788141414523125,0.016703296452760696,1.6200000047683716
0.07497909665107727,0.67138671875,0.30517578125,0.48828125,291.9317321777344,-94.39183807373047,-126.00494384765625,-9.794678688049316,0.090979665517807,-0.3998316824436188,0.7920538187026978,0.046403393149375916,0.006153845693916082,1.4900000095367432
0.06597734987735748,0.54931640625,0.67138671875,0.42724609375,291.9317321777344,-94.39183807373047,-126.00494384765625,-9.959878921508789,0.1604115068912506,-0.45010989904403687,0.8089717030525208,0.046403393149375916,0.007032966706901789,1.6200000047683716
0.06597734987735748,0.42724609375,0.3662109375,0.3662109375,282.2998962402344,-84.76001739501953,-106.26923370361328,-9.823409080505371,0.1628057062625885,-0.42616790533065796,0.8432201743125916,0.06186101958155632,0.0057142856530845165,1.6699999570846558
0.06597734987735748,0.48828125,0.54931640625,0.48828125,282.2998962402344,-84.76001739501953,-106.26923370361328,-9.84735107421875,0.1412578970193863,-0.43335050344467163,0.8604158759117126,0.06701865047216415,7.4186811447143555,1.6200000047683716
0.06597734987735748,0.48828125,0.67138671875,0.54931640625,282.47503662109375,-83.18390655517578,-105.42582702636719,-9.885658264160156,0.181959331035614,-0.45489832758903503,0.8774503469467163,0.06701865047216415,0.014945054426789284,1.6200000047683716
0.06597734987735748,0.42724609375,0.48828125,0.54931640625,282.47503662109375,-83.18390655517578,-105.42582702636719,-9.864110946655273,0.14365209639072418,-0.4429273009300232,0.885874330997467,0.07217627763748169,0.0057142856530845165,1.6200000047683716
0.06597734987735748,1.5869140625,2.0751953125,0.30517578125,267.41436767578125,-33.44868469238281,-17.036813735961914,-8.83939266204834,0.5722141861915588,-0.7254431247711182,0.9282566905021667,0.0876339003443718,0.005274724680930376,1.6399999856948853
0.06597734987735748,-0.91552734375,0.9765625,2.8076171875,-137.64747619628906,135.89622497558594,181.1637420654297,-9.653421401977539,-0.11971008032560349,-0.40701428055763245,0.9366892576217651,0.09279152750968933,0.0057142856530845165,1.6200000047683716
0.06597734987735748,0.732421875,0.9765625,1.40380859375,-137.64747619628906,135.89622497558594,181.1637420654297,-10.089165687561035,0.3902548849582672,-0.7661445140838623,0.9565857648849487,0.09794915467500687,0.005274724680930376,1.6299999952316284
0.06597734987735748,1.89208984375,6.8359375,5.2490234375,-164.96681213378906,111.37886810302734,102.22087860107422,-8.779537200927734,0.12928688526153564,0.5147533416748047,0.977668046951294,0.09794915467500687,0.014505494385957718,1.6200000047683716
0.06597734987735748,3.90625,11.71875,7.14111328125,269.8660888671875,-74.07745361328125,-90.2445068359375,-8.037335395812988,0.5793967843055725,-1.968033790588379,1.0206049680709839,0.09794915467500687,0.005274724680930376,1.1399999856948853
0.06597734987735748,11.65771484375,-0.91552734375,5.4931640625,269.8660888671875,-74.07745361328125,-90.2445068359375,-9.84495735168457,0.7589619159698486,1.3455413579940796,1.041709303855896,0.09794915467500687,0.005274724680930376,1.6399999856948853
0.02399579808115959,6.9580078125,-11.41357421875,9.70458984375,-171.4464111328125,97.89431762695312,83.8346176147461,-10.350133895874023,0.14844051003456116,-0.5123591423034668,1.069456696510315,0.09794915467500687,0.005274724680930376,3.0899999141693115
-0.03297979384660721,6.53076171875,-12.87841796875,4.94384765625,322.4032897949219,-130.46739196777344,-233.62362670898438,-1.3838485479354858,2.3032219409942627,1.599326729774475,1.5585838556289673,0.10826440900564194,0.006153845693916082,2.8399999141693115
-0.08096251636743546,0.30517578125,15.19775390625,-0.91552734375,159.5379638671875,77.5799331665039,52.122528076171875,-18.703502655029297,-0.7709329128265381,-2.3319523334503174,1.5712435245513916,0.10826440900564194,0.008351648226380348,2.7899999618530273
-0.08096251636743546,2.197265625,18.4326171875,-20.99609375,159.5379638671875,77.5799331665039,52.122528076171875,-13.623007774353027,0.6536170244216919,-4.311957359313965,1.5735845565795898,0.10826440900564194,0.010549449361860752,4.440000057220459
-0.08096251636743546,19.4091796875,-4.150390625,-25.146484375,-107.00077056884766,153.58375549316406,130.0532989501953,-3.801992177963257,3.6942532062530518,-2.454056739807129,1.564774990081787,0.10826440900564194,0.021098898723721504,4.429999828338623
-0.08096251636743546,30.82275390625,17.76123046875,-21.30126953125,-107.00077056884766,153.58375549316406,130.0532989501953,-13.096282958984375,5.758055210113525,-2.1116857528686523,1.5527961254119873,0.10826440900564194,7.399340629577637,1.5399999618530273
-0.08096251636743546,-2.86865234375,6.77490234375,-27.2216796875,-155.86036682128906,60.5929069519043,-39.47142791748047,-14.516044616699219,0.24660277366638184,-6.555324077606201,1.543148159980774,0.10826440900564194,0.015384615398943424,1.190000057220459
-0.08096251636743546,18.1884765625,9.27734375,-26.18408203125,-155.86036682128906,60.5929069519043,-39.47142791748047,-7.3238630294799805,-0.569819986820221,-4.405331134796143,1.531966209411621,0.10826440900564194,0.0057142856530845165,1.2200000286102295
-0.08096251636743546,2.74658203125,-16.29638671875,-24.5361328125,258.30792236328125,14.535292625427246,-21.422527313232422,-7.848193168640137,1.5849615335464478,0.545877993106842,1.5176680088043213,0.10826440900564194,0.006153845693916082,1.4500000476837158
-0.08096251636743546,-10.07080078125,10.986328125,-26.4892578125,108.051513671875,-67.07249450683594,-238.68406677246094,-9.481039047241211,3.6391866207122803,0.8810662031173706,1.506125569343567,0.10826440900564194,0.006593406666070223,1.3799999952316284
-0.08096251636743546,-4.69970703125,7.62939453125,-23.8037109375,108.051513671875,-67.07249450683594,-238.68406677246094,-14.195221900939941,-6.392518520355225,-4.086902141571045,1.4935225248336792,0.10826440900564194,0.0057142856530845165,1.350000023841858
-0.08096251636743546,18.1884765625,-2.5634765625,-28.99169921875,354.1007385253906,-98.76994323730469,-202.75494384765625,-5.9088897705078125,2.231395959854126,2.3798365592956543,1.4789466857910156,0.10826440900564194,0.013186813332140446,1.3899999856948853
-0.08096251636743546,-8.7890625,5.37109375,-19.6533203125,354.1007385253906,-98.76994323730469,-202.75494384765625,-13.218387603759766,-3.627215623855591,-4.357447147369385,1.4668875932693481,0.10826440900564194,0.0057142856530845165,1.4600000381469727
-0.07797080278396606,-11.90185546875,-13.0615234375,-21.42333984375,-163.74095153808594,64.2705078125,-40.31483459472656,-14.360421180725098,-0.7206547260284424,3.1196448802948,1.4536365270614624,0.10826440900564194,0.00483516464009881,1.5199999809265137
-0.08096251636743546,37.109375,1.0986328125,-15.31982421875,-163.74095153808594,64.2705078125,-40.31483459472656,-5.614402770996094,9.842562675476074,3.045424461364746,1.441416621208191,0.10826440900564194,0.006153845693916082,1.5700000524520874
-0.08096251636743546,6.04248046875,13.18359375,-17.15087890625,305.7665100097656,-58.84166717529297,-84.0032958984375,-12.516886711120605,-3.663128614425659,-1.5203180313110352,1.441416621208191,0.10826440900564194,7.404175758361816,1.4600000381469727
-0.08996427059173584,-11.04736328125,10.31494140625,-17.63916015625,305.7665100097656,-58.84166717529297,-84.0032958984375,-19.211074829101562,1.7142484188079834,-4.079719543457031,1.441416621208191,0.10826440900564194,0.00483516464009881,1.659999966621399
-0.08996427059173584,-20.99609375,8.97216796875,-17.333984375,287.728759765625,-69.52423095703125,-83.49725341796875,-13.014880180358887,-1.0510544776916504,1.2737152576446533,1.4231189489364624,0.10826440900564194,0.005274724680930376,1.5399999618530273
-0.09296485036611557,-23.3154296875,14.22119140625,-23.62060546875,-152.18276977539062,156.73599243164062,129.71592712402344,-11.887210845947266,-2.956839084625244,-6.821080684661865,1.4152833223342896,0.10826440900564194,0.011868131347000599,1.7599999904632568
-0.0989571362733841,1.3427734375,2.197265625,-14.7705078125,-152.18276977539062,156.73599243164062,129.71592712402344,-20.29804229736328,-4.187458515167236,-3.9001545906066895,1.410061001777649,0.10826440900564194,0.0057142856530845165,1.8200000524520874
-0.0989571362733841,27.34375,0.9765625,-18.6767578125,291.2312316894531,-61.46852493286133,-37.61593246459961,-7.2352776527404785,3.24414324760437,2.276885747909546,1.4016332626342773,0.10826440900564194,0.005274724680930376,1.4900000095367432
-0.1139511838555336,9.82666015625,10.7421875,-21.484375,291.2312316894531,-61.46852493286133,-37.61593246459961,-15.993267059326172,2.604891300201416,-7.050923824310303,1.3901771306991577,0.10826440900564194,0.006153845693916082,1.75
-0.1529410183429718,7.2021484375,-6.40869140625,-27.4658203125,260.05914306640625,-160.93896484375,-224.51483154296875,-13.24951171875,3.0597896575927734,0.24899697303771973,1.3775017261505127,0.10826440900564194,0.007032966706901789,0.3100000023841858
-0.15594160556793213,-13.916015625,2.62451171875,-37.78076171875,260.05914306640625,-160.93896484375,-224.51483154296875,-11.858480453491211,0.2513911724090576,-3.7397429943084717,1.3597997426986694,0.10826440900564194,0.02637362666428089,0.25
-0.1679350733757019,-11.77978515625,-7.568359375,-47.66845703125,87.38687896728516,-97.54407501220703,-227.88845825195312,-8.959102630615234,1.4149731397628784,-1.5059528350830078,1.3415353298187256,0.10826440900564194,0.05714285746216774,1.440000057220459
-0.21891836822032928,-11.77978515625,-7.568359375,-47.66845703125,87.38687896728516,-97.54407501220703,-227.88845825195312,-8.959102630615234,1.4149731397628784,-1.5059528350830078,1.3415353298187256,0.10826440900564194,7.394505023956299,1.809999942779541
-0.2489064633846283,19.53125,-0.42724609375,-45.8984375,5.779092311859131,-78.98092651367188,-145.5719757080078,-6.227318286895752,0.5937620401382446,0.9050082564353943,1.285538673400879,0.10826440900564194,0.0057142856530845165,1.4500000476837158
-0.24590587615966797,2.44140625,13.73291015625,-48.095703125,5.779092311859131,-78.98092651367188,-145.5719757080078,-17.587804794311523,0.3471592366695404,-3.428496837615967,1.282167911529541,0.10826440900564194,0.006593406666070223,3.049999952316284
-0.21591779589653015,-7.87353515625,20.69091796875,-47.30224609375,30.471576690673828,85.81076049804688,166.6571502685547,-13.251906394958496,-5.171475410461426,-2.499546527862549,1.2160232067108154,0.10826440900564194,0.0057142856530845165,0.27000001072883606
-0.17992854118347168,-30.57861328125,-6.4697265625,-50.9033203125,-113.30523681640625,8.931324005126953,-42.67637252807617,-11.654973983764648,-4.335899353027344,-5.082890033721924,1.17151939868927,0.10826440900564194,0.0057142856530845165,2.7899999618530273
-0.1829291135072708,13.3056640625,5.79833984375,-42.78564453125,-53.76306915283203,116.45746612548828,128.36648559570312,-8.501810073852539,5.702988147735596,-2.1978771686553955,1.1271101236343384,0.10826440900564194,0.0057142856530845165,1.2000000476837158
-0.17093566060066223,4.0283203125,3.35693359375,-45.95947265625,-53.76306915283203,116.45746612548828,128.36648559570312,-5.2480902671813965,4.307168960571289,-3.5170822143554688,1.1271101236343384,0.10826440900564194,0.005274724680930376,2.619999885559082
-0.09296485036611557,9.46044921875,-11.29150390625,-46.08154296875,141.67532348632812,55.51430892944336,96.31703186035156,-3.0358476638793945,2.4827871322631836,1.5394716262817383,1.0723974704742432,0.10826440900564194,0.005274724680930376,2.8499999046325684
0.07497909665107727,-13.5498046875,7.080078125,-11.1083984375,312.07098388671875,-67.59786987304688,-56.67692184448242,-14.79856014251709,-4.529829502105713,2.497152328491211,1.019583821296692,0.10826440900564194,0.007472527213394642,1.4500000476837158
0.05998505279421806,7.50732421875,6.7138671875,13.427734375,91.58985900878906,-87.38687896728516,-218.10494995117188,-5.750872611999512,8.60236644744873,-2.38462495803833,1.024158000946045,0.10826440900564194,0.005274724680930376,1.5299999713897705
-0.008992875926196575,6.28662109375,-4.8828125,2.8076171875,67.94811248779297,59.19191360473633,141.017578125,-15.28218936920166,-1.6065093278884888,2.1356279850006104,1.4444465637207031,0.10826440900564194,0.026813184842467308,3.3399999141693115
-0.03297979384660721,29.9072265625,11.16943359375,-3.60107421875,67.94811248779297,59.19191360473633,141.017578125,-3.2776620388031006,3.3710360527038574,-6.375759124755859,1.4498918056488037,0.10826440900564194,0.007032966706901789,3.3399999141693115
-0.023986920714378357,-4.150390625,4.5166015625,-6.40869140625,-16.111408233642578,98.41969299316406,141.017578125,-11.008539199829102,1.8363527059555054,-1.2210428714752197,1.5671837329864502,0.10826440900564194,0.017582418397068977,1.0099999904632568
-0.002991706831380725,-5.4931640625,-7.14111328125,-2.685546875,-88.0873794555664,-5.078596115112305,-46.04999923706055,-2.2218191623687744,0.545877993106842,-2.4875755310058594,1.649341106414795,0.10826440900564194,0.006153845693916082,1.1799999475479126
-0.1379469931125641,7.62939453125,-3.11279296875,-2.685546875,-88.0873794555664,-5.078596115112305,-46.04999923706055,-12.646173477172852,-0.2106897532939911,0.14365209639072418,1.6619306802749634,0.10826440900564194,0.006593406666070223,1.2999999523162842
-0.13194580376148224,-6.103515625,8.6669921875,-18.310546875,-190.35980224609375,129.7668914794922,163.11483764648438,-14.350844383239746,0.5339069962501526,2.1523873805999756,1.6886545419692993,0.10826440900564194,0.006153845693916082,0.9800000190734863
-0.13194580376148224,-15.625,-4.7607421875,-33.935546875,-141.1499481201172,59.89241027832031,-6.0725274085998535,-7.690175533294678,-4.2975921630859375,2.2649147510528564,1.6633610725402832,0.10826440900564194,0.007912087254226208,1.190000057220459
-0.13194580376148224,7.14111328125,6.8359375,-35.58349609375,-141.1499481201172,59.89241027832031,-6.0725274085998535,-9.567230224609375,0.1364694982767105,1.4293383359909058,1.6627072095870972,0.10826440900564194,0.010989011265337467,0.8600000143051147
-0.13194580376148224,1.8310546875,-9.46044921875,-32.8369140625,-141.1499481201172,59.89241027832031,-6.0725274085998535,-4.620809078216553,3.2297780513763428,3.5027170181274414,1.642088770866394,0.10826440900564194,0.025054944679141045,1.409999966621399
-0.12295293807983398,13.427734375,23.5595703125,-30.1513671875,-165.3170623779297,149.90614318847656,180.15164184570312,-12.303802490234375,2.2242133617401123,-10.053253173828125,1.6141048669815063,0.10826440900564194,0.006153845693916082,1.0299999713897705
-0.12295293807983398,0.9765625,15.7470703125,-33.14208984375,-52.537200927734375,-28.7203369140625,-65.44834899902344,-14.587870597839355,-2.1116857528686523,-7.759607791900635,1.5936734676361084,0.10826440900564194,0.015824174508452415,0.9700000286102295
-0.12295293807983398,6.28662109375,6.9580078125,-39.00146484375,94.9172134399414,70.39984893798828,155.86154174804688,-5.4659624099731445,1.4939818382263184,3.110067844390869,1.5805257558822632,0.10826440900564194,0.006153845693916082,0.9399999976158142
-0.12295293807983398,-6.16455078125,20.263671875,-36.2548828125,-134.6703643798828,149.03053283691406,175.2598876953125,-7.587224960327148,-4.6255974769592285,-5.702988147735596,1.5596569776535034,0.10826440900564194,0.006153845693916082,0.8999999761581421
-0.12295293807983398,7.50732421875,5.92041015625,-40.71044921875,-134.6703643798828,149.03053283691406,175.2598876953125,-10.359710693359375,1.6903064250946045,0.2059013396501541,1.5413552522659302,0.10826440900564194,7.394505023956299,2.1500000953674316
-0.12295293807983398,1.5869140625,6.8359375,-35.15625,313.8222351074219,-50.78596115112305,-15.518681526184082,-11.405976295471191,-0.4453215003013611,-4.400542736053467,1.5400090217590332,0.10826440900564194,0.006153845693916082,1.0800000429153442
-0.12295293807983398,5.37109375,9.70458984375,-36.2548828125,313.8222351074219,-50.78596115112305,-15.518681526184082,-8.530540466308594,-0.9265560507774353,-4.098873138427734,1.5134057998657227,0.10826440900564194,0.01626373641192913,2.259999990463257
-0.14994044601917267,2.0751953125,-0.3662109375,-40.34423828125,-1.0507440567016602,107.52613830566406,149.45164489746094,-8.530540466308594,-0.9265560507774353,-4.098873138427734,1.483393669128418,0.10826440900564194,0.006153845693916082,2.309999942779541
-0.20092375576496124,9.3994140625,13.3056640625,-42.54150390625,-1.0507440567016602,107.52613830566406,149.45164489746094,-8.530540466308594,-0.9265560507774353,-4.098873138427734,1.4654124975204468,0.10826440900564194,0.006153845693916082,0.9399999976158142
-0.20992548763751984,9.3994140625,13.3056640625,-42.54150390625,-199.81649780273438,98.24456787109375,116.22142791748047,-8.530540466308594,-0.9265560507774353,-4.098873138427734,1.4480665922164917,0.10826440900564194,0.007032966706901789,1.4900000095367432
-0.20092375576496124,0.0,-9.27734375,-47.7294921875,134.4952392578125,68.99885559082031,116.72747039794922,-10.347739219665527,0.14844051003456116,-2.7126305103302,1.429823398590088,0.10826440900564194,0.006153845693916082,1.059999942779541
-0.1259535253047943,7.080078125,-2.9296875,0.0,66.1968765258789,-80.20679473876953,-191.95933532714844,-13.73553466796875,-3.557783603668213,-4.63517427444458,1.3315272331237793,0.10826440900564194,0.006153845693916082,1.2000000476837158
-0.1259535253047943,-15.380859375,-5.9814453125,-4.8828125,66.1968765258789,-80.20679473876953,-191.95933532714844,-13.357251167297363,-2.0015525817871094,-0.4572925269603729,1.333933711051941,0.10826440900564194,0.006153845693916082,1.350000023841858
-0.0989571362733841,16.05224609375,-6.53076171875,-4.82177734375,-121.1858139038086,137.64747619628906,146.07801818847656,-10.273519515991211,-3.2082302570343018,-1.278503656387329,1.3789780139923096,0.10826440900564194,0.006153845693916082,1.340000033378601
-0.08396310359239578,16.05224609375,-6.53076171875,-4.82177734375,-121.1858139038086,137.64747619628906,146.07801818847656,-10.273519515991211,-3.2082302570343018,-1.278503656387329,1.3848860263824463,0.10826440900564194,0.0057142856530845165,1.659999966621399
-0.008992875926196575,-8.9111328125,-3.7841796875,-4.08935546875,-185.981689453125,162.16482543945312,192.2967071533203,-9.006986618041992,0.9672574996948242,-1.3263877630233765,1.4252643585205078,0.10826440900564194,0.0057142856530845165,2.869999885559082
0.16194278001785278,-17.02880859375,-3.662109375,-1.46484375,50.260589599609375,85.6356430053711,195.50164794921875,-16.47210693359375,-4.944026470184326,-2.1787235736846924,1.5218241214752197,0.10826440900564194,0.02769230678677559,2.119999885559082
0.188939169049263,-15.80810546875,1.0986328125,32.04345703125,154.9847412109375,61.81877517700195,89.56977844238281,-8.209717750549316,1.7836802005767822,-2.3942017555236816,1.5427356958389282,0.10826440900564194,0.017582418397068977,2.1700000762939453
-0.10495830327272415,13.24462890625,-18.61572265625,-2.5634765625,-39.753150939941406,-43.95612716674805,-83.1598892211914,-1.867477297782898,3.19865345954895,3.3039982318878174,1.693713903427124,0.10826440900564194,0.006593406666070223,2.5199999809265137
-0.1259535253047943,2.50244140625,12.63427734375,-4.21142578125,-73.37696075439453,124.16291809082031,147.2587890625,-7.089231014251709,-1.0414776802062988,-7.0988078117370605,1.6851943731307983,0.10826440900564194,0.10505493730306625,2.6500000953674316
-0.12295293807983398,5.37109375,-1.15966796875,-25.57373046875,-1.4009920358657837,100.87142944335938,170.03076171875,-5.91128396987915,3.8474819660186768,0.5937620401382446,1.6849365234375,0.10826440900564194,0.03252747282385826,2.619999885559082
-0.11695177108049393,8.4228515625,-4.21142578125,-33.75244140625,-1.4009920358657837,100.87142944335938,170.03076171875,-12.02607536315918,-0.42377370595932007,-1.7142484188079834,1.6709699630737305,0.10826440900564194,0.0813186839222908,2.700000047683716
-0.0989571362733841,4.69970703125,2.25830078125,-34.36279296875,-196.3140106201172,159.18772888183594,200.5620880126953,-12.02607536315918,-0.42377370595932007,-1.7142484188079834,1.6558983325958252,0.10826440900564194,0.006593406666070223,2.700000047683716
-0.07797080278396606,1.40380859375,5.67626953125,-35.400390625,-178.2762451171875,157.96185302734375,197.6945037841797,-6.1267619132995605,1.1492167711257935,-1.5562310218811035,1.641290545463562,0.10826440900564194,0.027252746745944023,2.809999942779541
-0.07797080278396606,-9.27734375,-6.2255859375,-26.18408203125,-178.2762451171875,157.96185302734375,197.6945037841797,-11.99255657196045,0.871489405632019,4.797980308532715,1.6207653284072876,0.10826440900564194,0.006593406666070223,1.8700000047683716
-0.07797080278396606,-3.35693359375,6.9580078125,-30.94482421875,97.1938247680664,95.44258117675781,159.7412109375,-12.291831016540527,-3.3063924312591553,-3.469198226928711,1.59931218624115,0.10826440900564194,0.08307691663503647,2.940000057220459
-0.07797080278396606,2.86865234375,2.3193359375,-26.85546875,97.1938247680664,95.44258117675781,159.7412109375,-11.549629211425781,-1.5490484237670898,2.9065608978271484,1.59931218624115,0.10826440900564194,0.03780219703912735,3.0299999713897705
-0.07797080278396606,-3.5400390625,-15.07568359375,-36.07177734375,-175.8245086669922,168.11904907226562,194.3208770751953,-7.364564418792725,-0.24420857429504395,3.0382418632507324,1.59931218624115,0.10826440900564194,0.035164836794137955,3.130000114440918
-0.07797080278396606,-8.9111328125,-1.953125,-36.07177734375,-175.8245086669922,168.11904907226562,194.3208770751953,-9.636661529541016,0.9433154463768005,-0.47405192255973816,1.5457044839859009,0.10826440900564194,0.006593406666070223,3.180000066757202
-0.014994043856859207,0.30517578125,2.50244140625,-36.9873046875,-209.0980682373047,137.64747619628906,163.2835235595703,-7.970297336578369,-4.218583106994629,2.5330653190612793,1.52800452709198,0.10826440900564194,0.016703296452760696,3.240000009536743
-0.11695177108049393,13.00048828125,6.16455078125,-2.0751953125,258.1327819824219,6.654712200164795,0.3373626470565796,-1.0510544776916504,1.599326729774475,-3.224989652633667,1.5306596755981445,0.10826440900564194,0.0057142856530845165,1.590000033378601
-0.06896905601024628,-0.91552734375,10.1318359375,-25.20751953125,358.3037109375,-109.27738189697266,-171.38021850585938,-9.885658264160156,-1.525106430053711,-4.252102375030518,1.540144920349121,0.10826440900564194,0.010109889321029186,1.6399999856948853
-0.011993460357189178,19.71435546875,9.82666015625,-6.65283203125,124.51316833496094,-94.04159545898438,-198.5379180908203,-7.903259754180908,5.224147796630859,-0.8188169598579407,1.514977216720581,0.10826440900564194,0.005274724680930376,1.5399999618530273
-0.011993460357189178,-6.4697265625,-15.44189453125,-5.18798828125,124.51316833496094,-94.04159545898438,-198.5379180908203,-4.6926350593566895,-3.663128614425659,3.201047658920288,1.5196136236190796,0.10826440900564194,0.005274724680930376,3.890000104904175
-0.12295293807983398,23.0712890625,-16.7236328125,-7.38525390625,339.0400695800781,-74.25257873535156,-94.79890441894531,-5.240907669067383,6.584054470062256,3.074154853820801,1.5223636627197266,0.10826440900564194,0.0057142856530845165,0.23000000417232513
-0.14094756543636322,-2.197265625,-3.5400390625,-32.16552734375,339.0400695800781,-74.25257873535156,-94.79890441894531,-10.493785858154297,-1.237802267074585,1.6208745241165161,1.5273728370666504,0.10826440900564194,0.020219778642058372,1.649999976158142
-0.05997617542743683,7.62939453125,7.62939453125,-41.56494140625,-206.12095642089844,124.16291809082031,158.39175415039062,-6.0405707359313965,2.1308395862579346,1.42454993724823,1.509335994720459,0.10826440900564194,0.06857142597436905,1.2200000286102295
-0.11695177108049393,3.23486328125,5.55419921875,-25.81787109375,238.6940155029297,22.94124412536621,18.7236270904541,-5.231330394744873,5.039794445037842,-0.591367781162262,1.506716012954712,0.10826440900564194,0.06857142597436905,1.5499999523162842
-0.2878963053226471,4.8828125,22.0947265625,-23.62060546875,238.6940155029297,22.94124412536621,18.7236270904541,-12.662932395935059,1.0462660789489746,-10.295066833496094,1.4808450937271118,0.10826440900564194,0.0057142856530845165,1.5099999904632568
-0.2908880114555359,4.8828125,22.0947265625,-23.62060546875,-199.46624755859375,97.89431762695312,92.94340515136719,-12.033257484436035,-2.741360902786255,0.3663128614425659,1.4809801578521729,0.10826440900564194,0.08879120647907257,1.6100000143051147
-0.2908880114555359,4.8828125,22.0947265625,-23.62060546875,-153.05838012695312,79.15605163574219,21.591209411621094,-9.011775016784668,-0.7613561153411865,-0.5602431893348694,1.4566552639007568,0.10826440900564194,0.016703296452760696,0.20000000298023224
-0.2908880114555359,3.2958984375,-36.62109375,-50.10986328125,-153.05838012695312,79.15605163574219,21.591209411621094,-0.43335050344467163,0.5051765441894531,3.73016619682312,1.3893349170684814,0.10826440900564194,0.013626373372972012,0.12999999523162842
-0.2908880114555359,-0.30517578125,-13.7939453125,-48.583984375,230.11294555664062,-122.93704986572266,-170.03076171875,-8.317456245422363,-0.8355763554573059,1.5586252212524414,1.3396321535110474,0.10826440900564194,0.012747252359986305,1.7999999523162842
-0.2519070506095886,3.2958984375,-4.638671875,-52.79541015625,-198.9408721923828,179.67723083496094,202.41758728027344,-13.723564147949219,2.0590133666992188,0.1604115068912506,1.310525894165039,0.10826440900564194,0.017142856493592262,1.7699999809265137
-0.002991706831380725,2.25830078125,14.404296875,-46.69189453125,-198.9408721923828,179.67723083496094,202.41758728027344,-8.973467826843262,1.6639701128005981,-4.54419469833374,1.2760858535766602,0.10826440900564194,0.014945054426789284,0.3100000023841858
-0.15894220769405365,13.61083984375,11.8408203125,-4.2724609375,219.95574951171875,-123.98780059814453,-156.87362670898438,-9.974244117736816,2.779668092727661,-6.9910688400268555,1.2329809665679932,0.1031067818403244,0.013626373372972012,1.9299999475479126
-0.08996427059173584,7.32421875,-3.11279296875,-23.4375,105.07440185546875,-79.15605163574219,-211.5263671875,-12.255918502807617,-0.45010989904403687,1.9249380826950073,1.241163730621338,0.10826440900564194,0.014505494385957718,1.5
-0.11695177108049393,0.06103515625,20.56884765625,-11.5966796875,117.68333435058594,-78.10530853271484,-210.5142822265625,-8.518569946289062,5.456385612487793,-3.8522703647613525,1.197893738746643,0.1031067818403244,0.012747252359986305,1.8600000143051147
-0.1139511838555336,-16.17431640625,-9.70458984375,-13.0615234375,-187.3826904296875,90.7142333984375,58.36373519897461,-12.600683212280273,-7.132326602935791,4.0964789390563965,1.1965748071670532,0.1031067818403244,0.013626373372972012,1.409999966621399
-0.020986337214708328,-2.5634765625,-4.638671875,-21.54541015625,299.6371765136719,-37.65166091918945,-17.036813735961914,-7.661445140838623,1.2928688526153564,-3.6607344150543213,1.1680854558944702,0.1031067818403244,0.006593406666070223,1.340000033378601
-0.2788945436477661,14.09912109375,-9.82666015625,-4.2724609375,259.18353271484375,-135.89622497558594,-183.5252685546875,-6.603208065032959,3.754108190536499,2.3127987384796143,1.1667662858963013,0.08249153196811676,0.041318681091070175,2.4100000858306885
-0.25490763783454895,-8.48388671875,2.197265625,-32.16552734375,259.18353271484375,-135.89622497558594,-183.5252685546875,-14.52322769165039,-1.6208745241165161,0.7374141216278076,1.172187089920044,0.08249153196811676,0.006593406666070223,2.4800000190734863
-0.05997617542743683,-10.1318359375,-24.23095703125,-5.0048828125,80.73217010498047,-41.504390716552734,-207.98406982421875,-10.216058731079102,2.0398597717285156,-1.7501614093780518,1.16389799118042,0.08249153196811676,0.06461538374423981,2.759999990463257
-0.029988087713718414,-4.08935546875,-17.76123046875,0.0,49.03472137451172,-31.172073364257812,-186.89889526367188,-9.509769439697266,-1.8195933103561401,-0.3208230137825012,1.2226287126541138,0.0876339003443718,0.025934064760804176,2.940000057220459
-0.035980381071567535,1.708984375,17.63916015625,-2.50244140625,-52.537200927734375,10.857688903808594,-86.36483764648438,-9.509769439697266,-1.8195933103561401,-0.3208230137825012,1.2276369333267212,0.09279152750968933,0.007032966706901789,0.8799999952316284
-0.01798575185239315,-11.1083984375,-8.9111328125,-2.8076171875,291.9317321777344,-33.44868469238281,-21.422527313232422,-14.190433502197266,-3.5649662017822266,-0.751779317855835,1.237995982170105,0.09794915467500687,0.010549449361860752,3.1700000762939453
0.0030005844309926033,47.607421875,-18.06640625,0.48828125,-152.8832550048828,85.28539276123047,4.55439567565918,-6.667851448059082,7.7428483963012695,1.1875240802764893,1.3403737545013428,0.1031067818403244,0.005274724680930376,3.75
0.07497909665107727,-37.29248046875,10.31494140625,-0.42724609375,-169.8702850341797,105.42465209960938,75.56922912597656,-14.513650894165039,-1.7836802005767822,-1.501164436340332,1.3456765413284302,0.1031067818403244,0.054505493491888046,3.819999933242798
0.09896601736545563,-15.13671875,12.14599609375,-1.64794921875,-169.8702850341797,105.42465209960938,75.56922912597656,-19.855113983154297,-6.2632317543029785,-0.4405331015586853,1.3647490739822388,0.1031067818403244,0.006153845693916082,3.869999885559082
0.08097139000892639,40.10009765625,-4.69970703125,18.24951171875,-105.24952697753906,41.15414047241211,-44.7005500793457,-19.855113983154297,-6.2632317543029785,-0.4405331015586853,1.3735547065734863,0.1031067818403244,0.06329669803380966,3.880000114440918
0.06298563629388809,0.8544921875,-21.66748046875,20.751953125,65.49637603759766,-45.1819953918457,-209.8395538330078,-8.554482460021973,1.3670891523361206,-0.5961562395095825,1.3953900337219238,0.1031067818403244,0.010109889321029186,3.930000066757202
0.05998505279421806,-22.52197265625,19.53125,23.92578125,65.49637603759766,-45.1819953918457,-209.8395538330078,-8.834604263305664,-1.3670891523361206,-2.6360161304473877,1.4229949712753296,0.1031067818403244,0.010109889321029186,3.930000066757202
0.05098330229520798,-39.1845703125,37.841796875,20.5078125,-168.64442443847656,89.83861541748047,14.00054931640625,-15.260641098022461,-3.5410242080688477,-4.4292731285095215,1.45196533203125,0.1031067818403244,0.0057142856530845165,4.010000228881836
0.02399579808115959,19.775390625,-4.39453125,22.3388671875,-168.64442443847656,89.83861541748047,14.00054931640625,-4.884171485900879,1.2234370708465576,-1.5753847360610962,1.478498935699463,0.1031067818403244,0.059780217707157135,3.6700000762939453
0.012002337723970413,28.6865234375,-37.17041015625,24.0478515625,283.1755065917969,-35.19992446899414,-30.53131866455078,-9.136273384094238,-0.651222825050354,0.8044517636299133,1.50040602684021,0.10826440900564194,0.054505493491888046,4.28000020980835
0.012002337723970413,-4.0283203125,-0.244140625,11.04736328125,283.1755065917969,-35.19992446899414,-30.53131866455078,-9.136273384094238,-0.651222825050354,0.8044517636299133,1.522312879562378,0.10826440900564194,0.10153845697641373,2.9600000381469727
0.00900175329297781,-42.48046875,59.08203125,11.29150390625,-151.83251953125,53.06257629394531,-26.820329666137695,-9.136273384094238,-0.651222825050354,0.8044517636299133,1.5415141582489014,0.10826440900564194,0.054505493491888046,3.809999942779541
0.0030005844309926033,10.31494140625,-10.80322265625,-1.40380859375,309.0938720703125,-49.20984649658203,-38.2906608581543,-7.094019412994385,4.948814868927002,0.5506663918495178,1.6542268991470337,0.10826440900564194,0.09274724870920181,4.25
0.04799159616231918,-5.92041015625,-12.451171875,-1.40380859375,309.0938720703125,-49.20984649658203,-38.2906608581543,-7.094019412994385,4.948814868927002,0.5506663918495178,1.660378098487854,0.10826440900564194,0.02549450471997261,4.320000171661377
0.05998505279421806,-14.5263671875,5.859375,1.40380859375,233.79055786132812,-110.50325012207031,-168.85000610351562,-7.094019412994385,4.948814868927002,0.5506663918495178,1.668129801750183,0.10826440900564194,0.0057142856530845165,4.369999885559082
0.05998505279421806,6.04248046875,0.3662109375,12.75634765625,233.79055786132812,-110.50325012207031,-168.85000610351562,-7.094019412994385,4.948814868927002,0.5506663918495178,1.678611159324646,0.10826440900564194,0.06945054978132248,4.429999828338623
0.07197851687669754,4.82177734375,-21.728515625,17.333984375,-194.0373992919922,133.79473876953125,101.54615020751953,-7.094019412994385,4.948814868927002,0.5506663918495178,1.699288010597229,0.10826440900564194,0.12483516335487366,1.3600000143051147
0.07497909665107727,11.1083984375,-23.01025390625,17.76123046875,-194.0373992919922,133.79473876953125,101.54615020751953,-6.737283706665039,2.6408045291900635,3.5218706130981445,1.7197383642196655,0.10826440900564194,0.10329670459032059,0.4000000059604645
0.07497909665107727,23.74267578125,-7.75146484375,22.27783203125,-152.7081298828125,81.6077880859375,-9.783516883850098,-6.737283706665039,2.6408045291900635,3.5218706130981445,1.739455223083496,0.10826440900564194,0.017142856493592262,0.3400000035762787
0.07497909665107727,-13.671875,-3.84521484375,19.47021484375,-152.7081298828125,81.6077880859375,-9.783516883850098,-6.737283706665039,2.6408045291900635,3.5218706130981445,1.761165738105774,0.10826440900564194,0.017142856493592262,0.7799999713897705
0.07197851687669754,20.56884765625,-5.9814453125,17.51708984375,-125.03854370117188,54.2884407043457,-10.120879173278809,-6.737283706665039,2.6408045291900635,3.5218706130981445,1.7840750217437744,0.10826440900564194,0.025054944679141045,0.9300000071525574
0.06298563629388809,-23.13232421875,-17.27294921875,17.02880859375,-125.03854370117188,54.2884407043457,-10.120879173278809,-6.737283706665039,2.6408045291900635,3.5218706130981445,1.8066120147705078,0.10826440900564194,0.05010988935828209,3.069999933242798
0.05998505279421806,6.40869140625,-0.91552734375,22.8271484375,73.0267105102539,-49.20984649658203,-187.0675811767578,-6.737283706665039,2.6408045291900635,3.5218706130981445,1.8313407897949219,0.10826440900564194,0.027252746745944023,1.690000057220459
-0.026987504214048386,17.02880859375,-0.18310546875,22.15576171875,-162.86532592773438,77.75505828857422,-6.747252941131592,-7.570465564727783,0.5171475410461426,1.422155737876892,1.849110722541809,0.10826440900564194,0.007472527213394642,1.5299999713897705
-0.17393623292446136,-16.78466796875,20.56884765625,4.57763671875,-124.68829345703125,36.07554626464844,-19.22966957092285,-16.28057098388672,-7.015010833740234,-1.4915876388549805,1.9077811241149902,0.10826440900564194,0.015384615398943424,1.1100000143051147
-0.17393623292446136,-31.6162109375,-6.77490234375,-8.23974609375,-124.68829345703125,36.07554626464844,-19.22966957092285,-10.505757331848145,-0.6655880808830261,0.2561795711517334,1.9205942153930664,0.10826440900564194,0.0057142856530845165,1.4800000190734863
-0.20092375576496124,0.1220703125,1.03759765625,-44.0673828125,313.8222351074219,-43.781002044677734,-61.400001525878906,-12.358868598937988,-1.50355863571167,3.9600095748901367,1.9028862714767456,0.10826440900564194,0.0057142856530845165,1.3899999856948853
-0.2908880114555359,4.69970703125,0.8544921875,-53.466796875,74.42770385742188,99.2953109741211,180.65769958496094,-12.200851440429688,1.86508309841156,-0.2585737705230713,1.8693156242370605,0.10826440900564194,0.0057142856530845165,1.350000023841858
-0.2908880114555359,6.40869140625,-4.0283203125,-50.1708984375,74.42770385742188,99.2953109741211,180.65769958496094,-8.530540466308594,3.023876667022705,-0.06703764945268631,1.8281371593475342,0.10826440900564194,0.1318681389093399,0.3499999940395355
-0.2908880114555359,15.68603515625,9.27734375,-52.42919921875,304.1903991699219,-30.996950149536133,-2.867582321166992,-13.369221687316895,4.575319290161133,-5.082890033721924,1.7776150703430176,0.10826440900564194,0.020219778642058372,3.069999933242798
-0.2908880114555359,4.7607421875,17.2119140625,-49.8046875,15.235788345336914,132.56887817382812,183.35659790039062,-11.135432243347168,-0.6105214357376099,-3.7277719974517822,1.7221388816833496,0.10826440900564194,0.005274724680930376,1.4800000190734863
-0.2908880114555359,-7.87353515625,18.06640625,-47.607421875,15.235788345336914,132.56887817382812,183.35659790039062,-5.183446407318115,-3.9624037742614746,-3.7924153804779053,1.6947141885757446,0.10826440900564194,0.005274724680930376,0.4300000071525574
-0.2908880114555359,16.11328125,18.37158203125,-51.26953125,73.20183563232422,-45.88248825073242,-201.40548706054688,-5.3127336502075195,1.4101847410202026,-4.644751071929932,1.6481220722198486,0.10826440900564194,0.012747252359986305,0.3700000047683716
-0.2788945436477661,6.04248046875,6.2255859375,-49.9267578125,73.20183563232422,-45.88248825073242,-201.40548706054688,-11.008539199829102,0.8355763554573059,2.5929203033447266,1.641319751739502,0.10826440900564194,0.005274724680930376,1.149999976158142
-0.14394815266132355,8.23974609375,-1.03759765625,-54.931640625,-166.01756286621094,78.80580139160156,-21.928571701049805,-11.200075149536133,3.3686418533325195,0.19393032789230347,1.573672890663147,0.10826440900564194,0.009230769239366055,3.069999933242798
-0.08096251636743546,-4.21142578125,11.65771484375,-2.62451171875,-212.77566528320312,179.15185546875,180.99505615234375,-18.215085983276367,-3.5266590118408203,-1.0606313943862915,1.50459623336792,0.10826440900564194,0.0057142856530845165,2.5399999618530273
-0.08096251636743546,-2.25830078125,-12.6953125,-7.87353515625,-89.66349029541016,-2.4517362117767334,-70.5087890625,-2.693476915359497,7.469909191131592,-0.9145850539207458,1.5138030052185059,0.10826440900564194,0.025934064760804176,0.8500000238418579
-0.16493448615074158,-2.86865234375,-5.859375,-23.92578125,-89.66349029541016,-2.4517362117767334,-70.5087890625,-9.502586364746094,3.2537200450897217,2.518700122833252,1.512902855873108,0.10826440900564194,0.00483516464009881,0.800000011920929
-0.16493448615074158,-3.41796875,-0.06103515625,-47.54638671875,50.08546447753906,102.62266540527344,161.25933837890625,-12.485761642456055,-4.400542736053467,-2.5977087020874023,1.5154757499694824,0.10826440900564194,0.007032966706901789,0.8299999833106995
-0.16493448615074158,1.0986328125,4.150390625,-46.875,174.24838256835938,-111.55399322509766,-188.75439453125,-6.426037311553955,3.450044631958008,-0.6799532771110535,1.4695309400558472,0.10826440900564194,0.0057142856530845165,2.7300000190734863
-0.1679350733757019,-10.68115234375,19.1650390625,-9.033203125,-134.4952392578125,153.75888061523438,151.8131866455078,-13.141773223876953,-6.718129634857178,-3.383007049560547,1.4490705728530884,0.10826440900564194,0.007032966706901789,2.9600000381469727
-0.18893028795719147,-1.8310546875,17.9443359375,-26.18408203125,-134.4952392578125,153.75888061523438,151.8131866455078,-11.207258224487305,-1.359906554222107,-5.240907669067383,1.4390915632247925,0.10826440900564194,0.006153845693916082,3.0299999713897705
-0.14994044601917267,-1.15966796875,9.6435546875,-47.79052734375,347.0957946777344,-106.47539520263672,-192.2967071533203,-22.625205993652344,-2.96162748336792,0.07900865375995636,1.4133946895599365,0.10826440900564194,0.0057142856530845165,3.0899999141693115
-0.12295293807983398,-1.708984375,10.1318359375,-47.119140625,-76.35406494140625,144.65243530273438,114.36593627929688,-9.519346237182617,1.6136919260025024,-3.5936965942382812,1.3808690309524536,0.10826440900564194,0.007032966706901789,3.240000009536743
-0.005992291495203972,-13.3056640625,-6.65283203125,-39.55078125,-76.35406494140625,144.65243530273438,114.36593627929688,-7.062894821166992,-6.27280855178833,0.5746083855628967,1.3471392393112183,0.10826440900564194,0.19956043362617493,1.840000033378601
0.056984469294548035,-13.3056640625,-6.65283203125,-39.55078125,-76.35406494140625,144.65243530273438,114.36593627929688,-7.062894821166992,-6.27280855178833,0.5746083855628967,1.343611478805542,0.10826440900564194,0.190769225358963,1.1399999856948853
0.21292608976364136,0.0,-5.37109375,11.53564453125,179.3269805908203,-108.92713165283203,-221.984619140625,-6.279991149902344,1.7070658206939697,-0.849941611289978,1.3275365829467773,0.11340678483247757,0.10725273936986923,1.149999976158142
0.2549165189266205,5.31005859375,-8.7890625,14.7705078125,320.1266784667969,-147.80465698242188,-241.88900756835938,-5.197811603546143,2.3056161403656006,0.09576806426048279,1.346751093864441,0.11340678483247757,0.006153845693916082,2.0199999809265137
-0.2788945436477661,8.7890625,-5.18798828125,3.662109375,101.39679718017578,-61.46852493286133,-224.17747497558594,-10.769119262695312,-3.3231518268585205,1.6927006244659424,1.5364106893539429,0.11340678483247757,0.015384615398943424,3.7300000190734863
-0.11995235085487366,-6.591796875,9.46044921875,-6.4697265625,280.19842529296875,-25.568105697631836,-36.097801208496094,-11.84650993347168,-0.8834604024887085,-2.410961151123047,1.5709178447723389,0.11340678483247757,0.05406593158841133,1.0
-0.1139511838555336,4.2724609375,13.18359375,-4.45556640625,-209.62344360351562,111.90424346923828,84.17198181152344,-7.340622425079346,-0.5865793824195862,-0.7158662676811218,1.5793883800506592,0.11340678483247757,0.005274724680930376,1.1299999952316284
-0.05997617542743683,-0.54931640625,2.8076171875,-37.41455078125,-209.62344360351562,111.90424346923828,84.17198181152344,-11.78904914855957,-0.7996633648872375,-3.864241361618042,1.5712631940841675,0.11340678483247757,0.0057142856530845165,1.1100000143051147
-0.05097442492842674,-1.89208984375,-0.06103515625,-41.9921875,191.58566284179688,64.44563293457031,27.326374053955078,-8.063671112060547,1.4652514457702637,0.2585737705230713,1.5432215929031372,0.11340678483247757,0.03560439497232437,1.1399999856948853
-0.04198155179619789,14.7705078125,-6.34765625,-25.390625,-149.20565795898438,163.56582641601562,156.1988983154297,-7.022193431854248,3.4165258407592773,1.6041151285171509,1.5176695585250854,0.11340678483247757,0.0057142856530845165,1.2200000286102295
-0.029988087713718414,7.62939453125,6.34765625,-19.1650390625,-149.20565795898438,163.56582641601562,156.1988983154297,-9.509769439697266,-0.31124621629714966,1.359906554222107,1.5040723085403442,0.11340678483247757,0.005274724680930376,1.2699999809265137
-0.029988087713718414,-7.87353515625,-1.52587890625,-15.7470703125,132.56887817382812,93.34109497070312,98.67857360839844,-14.54956340789795,-5.202600002288818,0.8858546018600464,1.4943724870681763,0.11340678483247757,0.05098900943994522,1.440000057220459
-0.029988087713718414,4.94384765625,17.02880859375,-16.05224609375,-46.75811004638672,138.8733367919922,102.38955688476562,-6.794744491577148,0.9648632407188416,-1.6591817140579224,1.490263819694519,0.11340678483247757,0.11296702921390533,1.350000023841858
-0.03297979384660721,-8.9111328125,-20.81298828125,-20.1416015625,-46.75811004638672,138.8733367919922,102.38955688476562,-10.953472137451172,2.078166961669922,7.8960771560668945,1.4906617403030396,0.1185644119977951,0.01626373641192913,1.2699999809265137
-0.03297979384660721,-9.46044921875,2.01416015625,-24.10888671875,-52.537200927734375,126.43953704833984,102.8956069946289,-11.377245903015137,-4.32871675491333,5.372588634490967,1.478039264678955,0.1185644119977951,0.010109889321029186,1.5099999904632568
-0.1259535253047943,-11.29150390625,-4.8828125,-22.3388671875,-52.537200927734375,126.43953704833984,102.8956069946289,-12.919112205505371,-3.531447410583496,2.3558943271636963,1.465574860572815,0.1185644119977951,0.006153845693916082,1.6100000143051147
-0.1769368201494217,-6.53076171875,10.986328125,-35.400390625,-223.98361206054688,120.31019592285156,115.88406372070312,-5.142745018005371,2.1068973541259766,-10.606313705444336,1.4590840339660645,0.1185644119977951,0.007032966706901789,1.4700000286102295
-0.1919308751821518,3.35693359375,2.5634765625,-56.396484375,-223.98361206054688,120.31019592285156,115.88406372070312,-9.21288776397705,5.39174222946167,-1.824381709098816,1.432266354560852,0.1185644119977951,0.007032966706901789,1.75
-0.263900488615036,24.2919921875,14.5263671875,-59.9365234375,338.6898193359375,-113.48035430908203,-185.54945373535156,-6.320692539215088,4.639962673187256,-8.034940719604492,1.3928486108779907,0.1185644119977951,0.007032966706901789,1.2599999904632568
-0.2908880114555359,-6.28662109375,8.6669921875,-59.9365234375,62.51927185058594,80.38191986083984,137.47528076171875,-14.54956340789795,-2.9975404739379883,-4.900930881500244,1.3518519401550293,0.1185644119977951,0.0057142856530845165,1.3200000524520874
-0.2908880114555359,-15.5029296875,0.3662109375,-66.10107421875,62.51927185058594,80.38191986083984,137.47528076171875,-13.670891761779785,-7.015010833740234,-6.1507039070129395,1.2964695692062378,0.1185644119977951,0.01934065856039524,1.3600000143051147
-0.2758939862251282,6.53076171875,-18.5546875,-65.36865234375,275.2949523925781,-40.27852249145508,-32.72417449951172,-6.564900875091553,-1.9536685943603516,-2.999934673309326,1.2738395929336548,0.11340678483247757,0.09362637251615524,1.1799999475479126
-0.17393623292446136,-9.6435546875,-12.02392578125,-65.49072265625,90.53911590576172,-103.8485336303711,-226.5390167236328,-10.342950820922852,-5.099649429321289,-2.0039467811584473,1.2159311771392822,0.1185644119977951,0.0057142856530845165,1.0099999904632568
-0.10195772349834442,0.0,16.845703125,-66.46728515625,90.53911590576172,-103.8485336303711,-226.5390167236328,-17.085023880004883,1.1492167711257935,-2.252943754196167,1.1634058952331543,0.1185644119977951,0.0057142856530845165,0.9700000286102295
-0.1379469931125641,8.36181640625,14.6484375,-63.5986328125,264.0870056152344,-167.06829833984375,-196.6824188232422,-10.553641319274902,-0.7469909191131592,-6.725312232971191,1.1187114715576172,0.1185644119977951,0.0057142856530845165,1.0199999809265137
-0.14094756543636322,-0.91552734375,-6.28662109375,-47.607421875,160.7638397216797,-128.19078063964844,-211.1890106201172,-9.883264541625977,4.039018154144287,-0.27054479718208313,1.0820043087005615,0.1185644119977951,0.0057142856530845165,1.090000033378601
-0.035980381071567535,-14.0380859375,11.3525390625,-46.38671875,160.7638397216797,-128.19078063964844,-211.1890106201172,-17.539920806884766,-0.569819986820221,-6.260837554931641,1.0430880784988403,0.11340678483247757,0.0057142856530845165,1.190000057220459
0.188939169049263,3.84521484375,-21.78955078125,-17.08984375,-160.23846435546875,55.1640625,25.133516311645508,-15.397110939025879,-1.0271124839782715,5.2480902671813965,0.9922398328781128,0.1185644119977951,0.0057142856530845165,1.4500000476837158
-0.0959654375910759,4.8828125,3.23486328125,5.92041015625,-18.56314468383789,-41.67951202392578,-85.015380859375,-8.920795440673828,-1.7142484188079834,-7.42681360244751,1.2185626029968262,0.1185644119977951,0.005274724680930376,3.940000057220459
0.14395703375339508,9.21630859375,-5.37109375,-8.85009765625,288.6043701171875,-51.836708068847656,-25.30219841003418,-8.647856712341309,-4.321534156799316,7.402871608734131,1.3539464473724365,0.1185644119977951,0.011868131347000599,3.2300000190734863
0.2908880114555359,13.427734375,0.0,2.0751953125,-21.365129470825195,112.0793685913086,130.89669799804688,-11.27190113067627,1.1420341730117798,0.790086567401886,1.5213775634765625,0.1185644119977951,0.0057142856530845165,1.7000000476837158
-0.014994043856859207,10.19287109375,13.73291015625,7.8125,153.58375549316406,73.0267105102539,79.11154174804688,-12.60307788848877,2.0183119773864746,-5.351040840148926,1.6912137269973755,0.1185644119977951,0.012307691387832165,1.149999976158142
-0.005992291495203972,18.798828125,-18.00537109375,5.79833984375,327.6570129394531,-170.04541015625,-235.31044006347656,-4.853046894073486,5.669469356536865,6.663063049316406,1.7127900123596191,0.11340678483247757,0.011868131347000599,0.8399999737739563
-0.0959654375910759,21.240234375,-15.13671875,2.3193359375,327.6570129394531,-170.04541015625,-235.31044006347656,-3.993528366088867,5.097255229949951,9.746794700622559,1.7320072650909424,0.1185644119977951,0.10197801887989044,1.5399999618530273
-0.1139511838555336,5.859375,-9.765625,-22.76611328125,195.08815002441406,-136.5967254638672,-190.94725036621094,-13.206416130065918,0.21308395266532898,6.2632317543029785,1.7460367679595947,0.1185644119977951,7.167252540588379,1.4700000286102295
-0.24290530383586884,3.41796875,11.04736328125,-23.8037109375,-118.38382720947266,21.014881134033203,-28.33846092224121,-10.381258010864258,0.7805097699165344,-1.867477297782898,1.7478619813919067,0.1185644119977951,0.011868131347000599,1.7200000286102295
-0.24290530383586884,3.41796875,11.04736328125,-23.8037109375,-118.38382720947266,21.014881134033203,-28.33846092224121,-10.381258010864258,0.7805097699165344,-1.867477297782898,1.7322230339050293,0.1185644119977951,0.012747252359986305,1.2999999523162842
-0.23691299557685852,-7.2021484375,9.33837890625,-61.58447265625,116.10721588134766,79.68142700195312,123.98076629638672,-5.439626216888428,6.469132900238037,4.5394062995910645,1.7042232751846313,0.1185644119977951,0.011868131347000599,1.2400000095367432
-0.1919308751821518,-10.92529296875,-7.080078125,-62.255859375,116.10721588134766,79.68142700195312,123.98076629638672,-9.933542251586914,-5.360617637634277,-2.6815059185028076,1.6636818647384644,0.1185644119977951,0.015384615398943424,1.149999976158142
-0.0989571362733841,9.58251953125,2.74658203125,-65.61279296875,-198.06524658203125,89.48836517333984,92.26868438720703,-14.36760425567627,4.307168960571289,1.2880804538726807,1.6176447868347168,0.1185644119977951,0.011868131347000599,3.240000009536743
-0.05097442492842674,5.37109375,6.4697265625,-66.0400390625,44.83174514770508,88.61274719238281,166.9945068359375,-5.427655220031738,-0.4668693244457245,2.0015525817871094,1.5553584098815918,0.1185644119977951,0.011868131347000599,2.109999895095825
-0.14094756543636322,-1.708984375,21.78955078125,-27.7099609375,161.28921508789062,72.32621765136719,85.8587875366211,-3.620033025741577,-2.492363929748535,-2.9903578758239746,1.4765883684158325,0.1185644119977951,0.012307691387832165,2.049999952316284
-0.14394815266132355,6.28662109375,1.8310546875,-50.1708984375,230.46319580078125,30.82182502746582,15.181318283081055,-8.904035568237305,5.43723201751709,-1.9560627937316895,1.4631669521331787,0.1185644119977951,7.394505023956299,2.140000104904175
-0.28189513087272644,-1.64794921875,-1.03759765625,-60.1806640625,230.46319580078125,30.82182502746582,15.181318283081055,-8.904035568237305,5.43723201751709,-1.9560627937316895,1.4465945959091187,0.1185644119977951,0.08307691663503647,2.119999885559082
-0.2908880114555359,10.1318359375,-1.77001953125,-61.09619140625,-177.40061950683594,162.33995056152344,185.38076782226562,-10.29746150970459,1.9608511924743652,-4.58968448638916,1.3990166187286377,0.1185644119977951,0.025054944679141045,1.690000057220459
-0.2908880114555359,4.638671875,-12.39013671875,-60.4248046875,-147.1041717529297,45.53224182128906,-12.145054817199707,-10.29746150970459,1.9608511924743652,-4.58968448638916,1.3679704666137695,0.1185644119977951,0.017582418397068977,2.2200000286102295
-0.2908880114555359,4.5166015625,-1.40380859375,-62.8662109375,222.58261108398438,32.39794158935547,24.121429443359375,-3.1675288677215576,-0.9744400978088379,-7.058106422424316,1.330344557762146,0.1185644119977951,0.005274724680930376,2.240000009536743
-0.2908880114555359,-8.85009765625,-1.15966796875,-61.767578125,222.58261108398438,32.39794158935547,24.121429443359375,-14.123395919799805,-3.155557870864868,1.501164436340332,1.2857592105865479,0.1185644119977951,0.02637362666428089,1.4199999570846558
-0.2908880114555359,-6.89697265625,-7.4462890625,-66.71142578125,-149.3807830810547,160.23846435546875,176.9467010498047,-7.544129371643066,-5.21217679977417,-0.7685387134552002,1.2151461839675903,0.11340678483247757,0.02857142873108387,1.6200000047683716
0.2908880114555359,0.1220703125,13.3056640625,0.48828125,-162.86532592773438,60.5929069519043,-9.783516883850098,-7.6518683433532715,-2.4372973442077637,-2.7748796939849854,1.1059021949768066,0.1185644119977951,0.04087911918759346,1.8899999856948853
-0.1529410183429718,-4.94384765625,-6.65283203125,2.197265625,-35.37504959106445,123.28730010986328,128.1977996826172,-9.363722801208496,-1.2330138683319092,2.578555107116699,1.2998121976852417,0.1185644119977951,0.011868131347000599,3.180000066757202
-0.023986920714378357,15.31982421875,17.76123046875,-45.5322265625,263.73675537109375,0.3502480089664459,-9.783516883850098,-10.287884712219238,2.0207061767578125,1.2210428714752197,1.2900389432907104,0.1185644119977951,0.10285713523626328,1.6200000047683716
-0.10495830327272415,-1.40380859375,-7.9345703125,-8.6669921875,304.5406494140625,-58.666542053222656,-17.374176025390625,-6.7708024978637695,2.827552080154419,2.0805611610412598,1.349106788635254,0.09279152750968933,0.005274724680930376,0.8700000047683716
-0.14994044601917267,-4.21142578125,11.77978515625,-1.64794921875,286.50286865234375,-36.07554626464844,-0.6747252941131592,-17.990032196044922,2.2218191623687744,1.3455413579940796,1.3536403179168701,0.09279152750968933,0.005274724680930376,2.3399999141693115
-0.05097442492842674,-2.685546875,11.53564453125,-16.29638671875,-193.33689880371094,153.05838012695312,192.2967071533203,-7.508216381072998,3.1435868740081787,-3.2824504375457764,1.2969045639038086,0.09279152750968933,0.0057142856530845165,2.119999885559082
-0.002991706831380725,7.87353515625,-1.40380859375,-4.33349609375,304.0152893066406,-53.587947845458984,3.710988998413086,-9.708487510681152,4.034229755401611,3.8498761653900146,1.3144127130508423,0.09279152750968933,0.0057142856530845165,1.649999976158142
-0.002991706831380725,2.50244140625,-1.40380859375,-13.85498046875,304.0152893066406,-53.587947845458984,3.710988998413086,-11.54005241394043,-2.3127987384796143,-2.671929121017456,1.3190999031066895,0.09279152750968933,0.0057142856530845165,1.4700000286102295
-0.17093566060066223,16.54052734375,7.38525390625,-6.04248046875,-89.83861541748047,11.383060455322266,-25.80824089050293,-14.044386863708496,-2.7988216876983643,-0.3711012601852417,1.331839919090271,0.09279152750968933,0.00483516464009881,0.7900000214576721
-0.1109594851732254,-22.705078125,-9.82666015625,-30.6396484375,-89.83861541748047,11.383060455322266,-25.80824089050293,-14.03720474243164,-7.419631004333496,-1.1492167711257935,1.335014820098877,0.09279152750968933,0.006153845693916082,1.2699999809265137
-0.01798575185239315,-4.39453125,16.05224609375,-14.70947265625,351.473876953125,-108.75200653076172,-165.13900756835938,-10.706870079040527,2.0614075660705566,-3.4955344200134277,1.335014820098877,0.09279152750968933,0.011868131347000599,1.6100000143051147
-0.01798575185239315,-6.103515625,-11.3525390625,-7.62939453125,289.1297302246094,-153.9340057373047,-182.00714111328125,-4.817133903503418,-1.3694833517074585,-2.0901379585266113,1.335014820098877,0.09794915467500687,0.005274724680930376,0.7799999713897705
-0.05997617542743683,9.70458984375,2.38037109375,-8.23974609375,289.1297302246094,-153.9340057373047,-182.00714111328125,-3.8283283710479736,3.9887399673461914,1.070208191871643,1.2900584936141968,0.09794915467500687,0.010109889321029186,1.350000023841858
-0.08996427059173584,25.634765625,-12.20703125,-6.103515625,92.4654769897461,-73.55208587646484,-200.05604553222656,-3.5673604011535645,8.24084186553955,2.808398485183716,1.2950198650360107,0.09794915467500687,0.0057142856530845165,1.4600000381469727
-0.08996427059173584,12.20703125,-9.6435546875,-18.1884765625,92.4654769897461,-73.55208587646484,-200.05604553222656,-5.657498359680176,-1.9129670858383179,-0.24899697303771973,1.2964545488357544,0.09794915467500687,0.005274724680930376,1.4500000476837158
-0.08096251636743546,-24.71923828125,28.74755859375,-20.5078125,-36.77604293823242,129.9420166015625,153.8373565673828,-17.98763656616211,-2.3726539611816406,-0.6655880808830261,1.2965043783187866,0.09794915467500687,0.005274724680930376,1.409999966621399
-0.14994044601917267,15.0146484375,-6.7138671875,-18.24951171875,43.60587692260742,-53.76306915283203,-166.82582092285156,-13.979743957519531,-1.3239935636520386,-0.8810662031173706,1.285820484161377,0.09794915467500687,0.005274724680930376,1.0800000429153442
-0.16493448615074158,-14.7705078125,-16.7236328125,-32.1044921875,43.60587692260742,-53.76306915283203,-166.82582092285156,-10.958260536193848,0.3711012601852417,2.097320556640625,1.2806103229522705,0.09794915467500687,0.014505494385957718,0.49000000953674316
-0.12895411252975464,-8.23974609375,2.8076171875,-37.109375,297.5356750488281,-146.22854614257812,-209.33351135253906,-7.876923561096191,-1.6831237077713013,-1.3670891523361206,1.2596335411071777,0.09794915467500687,0.006153845693916082,1.6299999952316284
-0.1259535253047943,-19.4091796875,25.87890625,-31.982421875,82.13316345214844,77.93018341064453,171.5489044189453,-11.075576782226562,-3.4979286193847656,-5.161898612976074,1.2454845905303955,0.09794915467500687,0.0057142856530845165,1.6299999952316284
-0.1259535253047943,13.00048828125,8.9111328125,-35.0341796875,82.13316345214844,77.93018341064453,171.5489044189453,-12.653355598449707,-2.959233283996582,-3.4548330307006836,1.2443580627441406,0.09794915467500687,0.007032966706901789,1.3700000047683716
-0.1259535253047943,25.20751953125,-13.73291015625,-28.9306640625,-186.68218994140625,170.2205352783203,205.7912139892578,-3.0119056701660156,1.7046716213226318,-1.0438718795776367,1.224098563194275,0.09794915467500687,0.005274724680930376,1.1799999475479126
-0.10495830327272415,-1.28173828125,14.09912109375,-35.888671875,336.0629577636719,-141.67532348632812,-213.71923828125,-6.04775333404541,-1.6950948238372803,-2.47560453414917,1.208798885345459,0.09794915467500687,0.00483516464009881,1.7599999904632568
-0.05997617542743683,13.73291015625,1.52587890625,-27.587890625,336.0629577636719,-141.67532348632812,-213.71923828125,-4.218583106994629,4.335899353027344,4.99669885635376,1.1761977672576904,0.09794915467500687,0.005274724680930376,1.4700000286102295
-0.04798271879553795,0.3662109375,-10.498046875,-20.81298828125,284.4013977050781,-25.217857360839844,12.145054817199707,3.112462043762207,5.286397457122803,0.9576806426048279,1.1617594957351685,0.1031067818403244,0.0057142856530845165,1.4299999475479126
-0.035980381071567535,6.77490234375,-17.7001953125,-18.12744140625,284.4013977050781,-25.217857360839844,12.145054817199707,-8.195352554321289,3.7660791873931885,0.5770025849342346,1.1525064706802368,0.1031067818403244,0.007472527213394642,1.4700000286102295
-0.002991706831380725,-20.56884765625,1.15966796875,-15.869140625,42.029762268066406,103.32316589355469,205.45384216308594,-11.494562149047852,-4.230554103851318,0.3974374830722809,1.1439735889434814,0.10826440900564194,0.044395603239536285,1.8799999952316284
-0.011993460357189178,-18.798828125,16.357421875,-2.62451171875,214.7020263671875,-119.0843276977539,-173.06703186035156,-11.137825965881348,-2.0805611610412598,-3.117250442504883,1.1551469564437866,0.10826440900564194,0.007912087254226208,1.7799999713897705
-0.1139511838555336,-31.6162109375,4.638671875,2.99072265625,273.71881103515625,-142.02557373046875,-198.5379180908203,-18.203115463256836,-3.845087766647339,-3.110067844390869,1.161902904510498,0.10826440900564194,0.007912087254226208,1.8200000524520874
-0.0569755919277668,1.5869140625,-16.9677734375,-9.033203125,273.71881103515625,-142.02557373046875,-198.5379180908203,-1.6280571222305298,0.08140285313129425,4.81473970413208,1.1646795272827148,0.10826440900564194,0.0057142856530845165,1.8700000047683716
-0.11695177108049393,5.67626953125,3.35693359375,-1.46484375,301.56353759765625,-44.131248474121094,-15.181318283081055,-5.329493045806885,5.07570743560791,1.8986018896102905,1.1502434015274048,0.12887966632843018,0.0057142856530845165,2.0299999713897705
-0.14994044601917267,-9.3994140625,-12.51220703125,-1.46484375,301.56353759765625,-44.131248474121094,-15.181318283081055,-12.121843338012695,-8.068459510803223,2.43011474609375,1.1533061265945435,0.12887966632843018,0.00483516464009881,2.049999952316284
-0.14693985879421234,-9.1552734375,17.27294921875,-36.07177734375,-194.56277465820312,163.74095153808594,195.16429138183594,-17.68117904663086,-8.741230010986328,-0.45010989904403687,1.1474462747573853,0.12887966632843018,0.0057142856530845165,2.109999895095825
-0.12895411252975464,0.30517578125,-10.986328125,-58.2275390625,-129.41664123535156,45.35711669921875,-7.590659141540527,-8.489839553833008,-1.3479355573654175,3.7158010005950928,1.1062476634979248,0.1340373009443283,0.00483516464009881,2.2100000381469727
-0.12895411252975464,-14.7705078125,27.9541015625,-54.19921875,298.2361755371094,-28.194965362548828,-8.602746963500977,-16.874332427978516,-2.4181437492370605,-2.5689783096313477,1.0687607526779175,0.12887966632843018,0.012307691387832165,2.25
-0.12895411252975464,2.62451171875,-7.75146484375,-55.35888671875,298.2361755371094,-28.194965362548828,-8.602746963500977,-10.87446403503418,-0.9265560507774353,-1.9632453918457031,1.0242115259170532,0.12887966632843018,7.394505023956299,1.6699999570846558
-0.08696368336677551,-8.36181640625,16.357421875,-54.6875,284.9267578125,-13.834796905517578,-19.398351669311523,-10.63504409790039,-1.723825216293335,-2.47560453414917,0.9838124513626099,0.12887966632843018,0.008351648226380348,1.6699999570846558
-0.20392432808876038,-0.6103515625,-39.12353515625,1.8310546875,74.42770385742188,-59.01679229736328,-193.81483459472656,-2.583343505859375,0.035913024097681046,10.96544361114502,0.940509557723999,0.12887966632843018,0.014065933413803577,2.759999990463257
-0.22491954267024994,-4.57763671875,-17.7001953125,-64.63623046875,74.42770385742188,-59.01679229736328,-193.81483459472656,-8.178592681884766,-4.955997467041016,-5.817910194396973,0.9330320358276367,0.12887966632843018,0.005274724680930376,2.8499999046325684
-0.18893028795719147,8.85009765625,1.03759765625,-70.556640625,343.06793212890625,-119.60969543457031,-211.35769653320312,-5.147533416748047,1.4389152526855469,-2.7030537128448486,0.8764933347702026,0.12887966632843018,0.014505494385957718,2.930000066757202
0.14395703375339508,4.5166015625,-24.35302734375,-2.86865234375,-142.20069885253906,53.587947845458984,-18.89230728149414,-9.952695846557617,2.4396915435791016,5.825092792510986,0.7627906799316406,0.12887966632843018,0.005274724680930376,1.690000057220459
0.09896601736545563,-7.62939453125,-20.32470703125,71.59423828125,-84.40977478027344,4.903472423553467,-38.79670333862305,-8.887276649475098,0.45489832758903503,2.647987127304077,0.7908874750137329,0.12887966632843018,0.016703296452760696,3.700000047683716
0.00900175329297781,-7.14111328125,9.09423828125,1.3427734375,13.834796905517578,115.40672302246094,167.16319274902344,-13.649343490600586,-4.7620673179626465,0.8858546018600464,0.9638910889625549,0.12887966632843018,0.015384615398943424,4.380000114440918
0.0030005844309926033,2.01416015625,19.47021484375,0.244140625,211.19955444335938,56.389930725097656,22.940658569335938,-14.61420726776123,-2.844311475753784,-5.5545477867126465,0.9752359390258789,0.12887966632843018,0.00483516464009881,2.0399999618530273
0.13195469975471497,5.79833984375,37.109375,7.50732421875,211.19955444335938,56.389930725097656,22.940658569335938,-12.349291801452637,0.4405331015586853,-4.489128112792969,0.9823830723762512,0.12887966632843018,0.005274724680930376,1.9500000476837158
0.11996123194694519,19.22607421875,26.06201171875,61.767578125,19.263641357421875,119.78482055664062,165.982421875,-9.002198219299316,9.287108421325684,-2.1763293743133545,0.9948996901512146,0.12887966632843018,0.011868131347000599,4.210000038146973
0.02699638158082962,5.615234375,-10.92529296875,53.22265625,19.263641357421875,119.78482055664062,165.982421875,-17.700332641601562,-1.182735562324524,1.6328455209732056,1.0432360172271729,0.12887966632843018,0.021098898723721504,4.28000020980835
0.006001168861985207,15.13671875,-17.2119140625,35.21728515625,-25.217857360839844,138.34796142578125,125.4989013671875,-0.20111294090747833,3.914519786834717,2.5977087020874023,1.1121163368225098,0.12887966632843018,0.012307691387832165,4.340000152587891
0.03298867493867874,18.1884765625,24.35302734375,9.82666015625,-162.16482543945312,82.65853118896484,2.3615384101867676,-12.433089256286621,5.803544998168945,-5.863399982452393,1.160275936126709,0.12887966632843018,0.0057142856530845165,1.909999966621399
0.2159266620874405,-8.36181640625,-9.33837890625,4.08935546875,197.36476135253906,76.52919006347656,65.95439910888672,-6.57926607131958,2.027888774871826,2.7078421115875244,1.1706651449203491,0.12887966632843018,0.011868131347000599,1.2200000286102295
-0.23691299557685852,5.37109375,0.79345703125,4.150390625,179.85235595703125,76.52919006347656,66.62911987304688,-8.995016098022461,2.516305923461914,3.869029998779297,1.2895256280899048,0.12887966632843018,0.0057142856530845165,2.549999952316284
-0.2579082250595093,6.9580078125,12.75634765625,-26.85546875,179.85235595703125,76.52919006347656,66.62911987304688,-8.640673637390137,1.0103530883789062,-7.977479934692383,1.2912354469299316,0.12887966632843018,0.0923076942563057,0.949999988079071
-0.22791124880313873,-8.1787109375,11.23046875,-60.4248046875,-164.96681213378906,76.35406494140625,32.38681411743164,-8.640673637390137,1.0103530883789062,-7.977479934692383,1.250511884689331,0.12887966632843018,0.07384615391492844,3.759999990463257
-0.2219189703464508,-6.34765625,5.18798828125,-70.1904296875,-164.96681213378906,76.35406494140625,32.38681411743164,-8.640673637390137,1.0103530883789062,-7.977479934692383,1.1935349702835083,0.12887966632843018,0.13230769336223602,0.7599999904632568
-0.20092375576496124,6.9580078125,0.48828125,-70.068359375,302.96453857421875,-18.2128963470459,-4.723076820373535,-15.533580780029297,1.9967641830444336,-3.1962592601776123,1.1405565738677979,0.12887966632843018,0.09274724870920181,0.25999999046325684
-0.17992854118347168,15.31982421875,24.71923828125,-62.68310546875,-89.66349029541016,182.47921752929688,160.58460998535156,-6.4834980964660645,5.549759387969971,-8.020575523376465,1.077497124671936,0.12887966632843018,0.006153845693916082,1.4700000286102295
-0.15894220769405365,7.87353515625,-8.7890625,-67.5048828125,-89.66349029541016,182.47921752929688,160.58460998535156,-10.232817649841309,-0.2346317619085312,-0.895431399345398,1.0229848623275757,0.12887966632843018,0.017582418397068977,0.38999998569488525
-0.11695177108049393,11.1083984375,-2.74658203125,-72.93701171875,-134.84548950195312,62.344146728515625,-13.831868171691895,-4.189852714538574,3.002328872680664,-1.1516109704971313,0.9734494686126709,0.12887966632843018,0.01626373641192913,1.159999966621399
-0.07497022300958633,1.40380859375,8.36181640625,-55.2978515625,-134.84548950195312,62.344146728515625,-13.831868171691895,-12.49055004119873,1.4676456451416016,-6.971915245056152,0.9209109544754028,0.12887966632843018,0.013626373372972012,1.059999942779541
-0.03297979384660721,10.43701171875,-4.45556640625,-38.14697265625,-167.9439239501953,176.7001190185547,172.89834594726562,-11.207258224487305,2.0638017654418945,1.3623007535934448,0.8922510147094727,0.12887966632843018,0.014505494385957718,0.4699999988079071
-0.026987504214048386,12.3291015625,-14.34326171875,-10.3759765625,-73.37696075439453,-23.291492462158203,-88.22032928466797,-5.30076265335083,-0.3208230137825012,6.593631267547607,0.8456325531005859,0.12887966632843018,0.015824174508452415,0.7599999904632568
-0.08096251636743546,-12.3291015625,15.2587890625,-11.41357421875,246.22434997558594,-134.84548950195312,-183.1879119873047,-13.929465293884277,-2.2361843585968018,-7.714117527008057,0.841225266456604,0.12887966632843018,0.015824174508452415,2.7200000286102295
-0.08396310359239578,-8.30078125,-2.44140625,-32.1044921875,246.22434997558594,-134.84548950195312,-183.1879119873047,-7.295132637023926,4.292803764343262,-2.2457611560821533,0.8355216979980469,0.12887966632843018,0.0057142856530845165,2.7100000381469727
-0.13494640588760376,6.34765625,4.94384765625,-31.43310546875,-226.96070861816406,104.72415924072266,75.9065933227539,-6.038176536560059,0.6105214357376099,-3.7636849880218506,0.816209614276886,0.12887966632843018,0.005274724680930376,0.6299999952316284
-0.13494640588760376,0.3662109375,4.57763671875,-49.74365234375,-226.96070861816406,104.72415924072266,75.9065933227539,-13.687650680541992,-9.093177795410156,-1.7190368175506592,0.7930982708930969,0.12887966632843018,0.005274724680930376,0.33000001311302185
-0.13494640588760376,-7.32421875,6.2255859375,-55.35888671875,-229.5875701904297,135.72109985351562,136.80055236816406,-17.896657943725586,-1.8579005002975464,-5.966350555419922,0.7664299011230469,0.12887966632843018,0.005274724680930376,2.930000066757202
-0.1259535253047943,-0.48828125,-7.2021484375,-55.419921875,342.367431640625,-74.42770385742188,-112.17308044433594,-10.433930397033691,-0.416591078042984,-2.9544448852539062,0.7068723440170288,0.12887966632843018,0.0057142856530845165,0.1599999964237213
-0.002991706831380725,-7.50732421875,21.54541015625,-5.37109375,-118.20870208740234,21.890501022338867,-35.591758728027344,-14.360421180725098,-0.05746084079146385,0.05985504016280174,0.6276373863220215,0.12887966632843018,0.0057142856530845165,1.3700000047683716
-0.026987504214048386,11.5966796875,8.9111328125,0.18310546875,343.94354248046875,-71.80084228515625,-119.0890121459961,-9.239224433898926,3.095702648162842,-4.357447147369385,0.6488766074180603,0.12887966632843018,0.0057142856530845165,1.2400000095367432
-0.08396310359239578,9.3994140625,2.685546875,-5.859375,343.94354248046875,-71.80084228515625,-119.0890121459961,-11.049241065979004,1.1875240802764893,-0.6224924325942993,0.6449122428894043,0.12887966632843018,0.0057142856530845165,1.3300000429153442
-0.08996427059173584,7.4462890625,-1.708984375,-31.06689453125,-70.22472381591797,155.68524169921875,110.1489028930664,-13.589488983154297,6.44279670715332,-1.3192051649093628,0.6418837308883667,0.12887966632843018,0.0057142856530845165,1.309999942779541
-0.08696368336677551,10.68115234375,-0.3662109375,-40.46630859375,-70.22472381591797,155.68524169921875,110.1489028930664,-7.50582218170166,1.6759411096572876,1.3072340488433838,0.6382498741149902,0.12887966632843018,0.008791209198534489,1.3200000524520874
-0.08696368336677551,11.71875,6.8359375,-37.04833984375,357.7783508300781,-83.18390655517578,-179.30824279785156,-9.88086986541748,4.683058261871338,-0.30885201692581177,0.6189712285995483,0.12887966632843018,0.0057142856530845165,1.3899999856948853
-0.08696368336677551,2.50244140625,-16.7236328125,-37.841796875,357.7783508300781,-83.18390655517578,-179.30824279785156,-7.412448406219482,1.6903064250946045,2.3942017555236816,0.5921941995620728,0.12887966632843018,0.0057142856530845165,1.4900000095367432
-0.11995235085487366,6.28662109375,-11.474609375,-36.43798828125,-9.982068061828613,118.55895233154297,130.0532989501953,-5.834669589996338,-0.667982280254364,-4.824316501617432,0.5651843547821045,0.12887966632843018,0.005274724680930376,1.4299999475479126
-0.12295293807983398,11.5966796875,15.07568359375,-44.189453125,127.84052276611328,-106.82564544677734,-221.64724731445312,-12.02607536315918,-2.7317841053009033,-7.47230339050293,0.5423629283905029,0.12887966632843018,0.005274724680930376,1.4900000095367432
-0.1259535253047943,-15.44189453125,-6.2255859375,-43.76220703125,127.84052276611328,-106.82564544677734,-221.64724731445312,-16.488866806030273,-1.908178687095642,3.993528366088867,0.5152966380119324,0.12887966632843018,0.005274724680930376,3.6600000858306885
-0.1829291135072708,7.50732421875,-20.32470703125,-46.38671875,-191.06028747558594,148.68028259277344,157.71702575683594,-3.931279182434082,-0.8068459630012512,3.0334534645080566,0.4857061207294464,0.12887966632843018,0.00483516464009881,1.840000033378601
-0.26990166306495667,0.06103515625,1.77001953125,-54.74853515625,-161.46434020996094,35.024803161621094,-28.0010986328125,-7.553706169128418,-0.8978255987167358,-2.456450939178467,0.45163267850875854,0.12887966632843018,7.3848347663879395,0.9100000262260437
-0.2908880114555359,-11.65771484375,-9.6435546875,-73.974609375,-161.46434020996094,35.024803161621094,-28.0010986328125,-9.48343276977539,-3.9839515686035156,-1.0223240852355957,0.4004729688167572,0.12887966632843018,0.10197801887989044,0.28999999165534973
-0.2908880114555359,13.24462890625,-13.85498046875,-65.4296875,-160.23846435546875,38.35215759277344,-10.289560317993164,-9.63187313079834,7.070077419281006,-1.3311761617660522,0.29732227325439453,0.12887966632843018,0.00483516464009881,2.1600000858306885
-0.1949225813150406,-12.8173828125,-14.70947265625,-75.62255859375,-146.22854614257812,149.7310333251953,155.01812744140625,-8.836997985839844,-4.2281599044799805,-4.608838081359863,0.24353793263435364,0.12887966632843018,0.14153845608234406,1.8799999952316284
-0.1949225813150406,25.45166015625,0.244140625,-75.98876953125,-146.22854614257812,149.7310333251953,155.01812744140625,-7.55131196975708,7.611166954040527,-0.29448679089546204,0.18320176005363464,0.12887966632843018,0.0057142856530845165,1.0499999523162842
-0.1529410183429718,16.357421875,15.869140625,-65.7958984375,109.10225677490234,-108.40176391601562,-226.20164489746094,-11.903970718383789,1.3742717504501343,-8.26478385925293,0.12746624648571014,0.12887966632843018,0.006153845693916082,1.159999966621399
0.2908880114555359,21.728515625,-5.79833984375,-13.916015625,239.56964111328125,-143.95193481445312,-180.8263702392578,-9.361328125,-2.1284453868865967,-1.8076221942901611,-0.030992379412055016,0.12887966632843018,0.006153845693916082,1.4199999570846558
0.2908880114555359,6.103515625,23.25439453125,-9.58251953125,68.64861297607422,-94.56696319580078,-193.9835205078125,-18.22226905822754,0.16759411990642548,-1.0055646896362305,-0.034002918750047684,0.12887966632843018,0.005274724680930376,1.5299999713897705
-0.2908880114555359,-7.62939453125,4.08935546875,3.662109375,-68.99885559082031,-5.603968143463135,-40.14615249633789,-11.997344970703125,1.2761094570159912,1.7166426181793213,0.2294645458459854,0.12887966632843018,0.007032966706901789,1.9199999570846558
0.056984469294548035,6.28662109375,5.55419921875,-2.50244140625,343.2430419921875,-148.50515747070312,-235.8164825439453,-6.581660270690918,5.841852188110352,-1.867477297782898,0.24846906960010529,0.12887966632843018,0.0057142856530845165,4.070000171661377
0.0779796913266182,-3.60107421875,-6.7138671875,-0.79345703125,-188.78367614746094,174.4235076904297,189.26043701171875,-9.004592895507812,-2.4612393379211426,-2.537853717803955,0.2508728802204132,0.12887966632843018,0.0057142856530845165,2.9100000858306885
-0.10495830327272415,-1.52587890625,5.0048828125,2.74658203125,68.12323760986328,77.93018341064453,137.81263732910156,-10.469843864440918,5.195417404174805,-1.4101847410202026,0.3575899004936218,0.12887966632843018,7.389670372009277,2.0799999237060547
-0.01798575185239315,10.7421875,27.28271484375,1.708984375,342.19232177734375,-66.1968765258789,-56.67692184448242,-1.1109095811843872,3.351882219314575,-7.726088523864746,0.42155584692955017,0.12887966632843018,0.006153845693916082,0.7900000214576721
-0.07797080278396606,7.99560546875,-11.77978515625,-6.40869140625,344.1186828613281,-83.8843994140625,-104.41373443603516,-15.591041564941406,0.12928688526153564,7.934384346008301,0.43152204155921936,0.12887966632843018,0.015824174508452415,1.1799999475479126
-0.08096251636743546,-6.103515625,5.0048828125,-28.62548828125,307.8680114746094,-171.2712860107422,-205.7912139892578,-6.919242858886719,-0.8738836050033569,-0.28969839215278625,0.4321436882019043,0.12887966632843018,0.00967032928019762,1.100000023841858
-0.14994044601917267,-4.57763671875,-15.13671875,-34.36279296875,307.8680114746094,-171.2712860107422,-205.7912139892578,-6.133944511413574,-1.929726481437683,4.405331134796143,0.4173550605773926,0.12887966632843018,0.00967032928019762,0.8999999761581421
-0.14994044601917267,15.0146484375,5.2490234375,-59.326171875,-51.836708068847656,-38.87752914428711,-65.78571319580078,-8.267178535461426,2.183511972427368,-5.916072368621826,0.39501604437828064,0.12887966632843018,0.007472527213394642,0.9399999976158142
-0.15594160556793213,7.50732421875,2.13623046875,-64.5751953125,-51.836708068847656,-38.87752914428711,-65.78571319580078,-15.04516315460205,4.572925090789795,2.762908697128296,0.354440301656723,0.12887966632843018,0.006593406666070223,0.8600000143051147
-0.1769368201494217,6.89697265625,1.15966796875,-66.162109375,310.494873046875,-42.20488739013672,-23.44670295715332,-16.184803009033203,4.046200752258301,1.039083480834961,0.30516722798347473,0.12887966632843018,0.006153845693916082,0.7900000214576721
-0.17992854118347168,-1.708984375,-3.7841796875,-69.64111328125,-189.13392639160156,156.5608673095703,194.6582489013672,-11.997344970703125,-3.19865345954895,4.673481464385986,0.2536845803260803,0.12887966632843018,0.006593406666070223,0.7599999904632568
-0.1679350733757019,9.58251953125,17.2119140625,-67.93212890625,-189.13392639160156,156.5608673095703,194.6582489013672,-5.556941986083984,-0.8475474119186401,-7.1227498054504395,0.2042139619588852,0.12887966632843018,0.006153845693916082,0.33000001311302185
-0.15894220769405365,11.29150390625,3.662109375,-68.9697265625,-153.05838012695312,164.61656188964844,175.42857360839844,-5.020640850067139,4.551377296447754,3.397372245788574,0.192788764834404,0.12887966632843018,0.006153845693916082,0.9700000286102295
-0.15894220769405365,15.0146484375,14.22119140625,-64.63623046875,-166.71804809570312,84.40977478027344,95.81098937988281,-12.035652160644531,0.8834604024887085,-4.525041103363037,0.11044669151306152,0.12887966632843018,0.0057142856530845165,0.8700000047683716
-0.15894220769405365,6.591796875,5.67626953125,-65.7958984375,-166.71804809570312,84.40977478027344,95.81098937988281,-3.2345664501190186,-1.113303780555725,-4.7141828536987305,0.04910701513290405,0.12887966632843018,0.014945054426789284,1.2100000381469727
-0.13194580376148224,5.615234375,14.5263671875,-60.24169921875,162.16482543945312,-109.27738189697266,-182.1758270263672,-10.66137981414795,2.276885747909546,-3.512293815612793,-0.00777291739359498,0.12887966632843018,0.00967032928019762,1.059999942779541
-0.01798575185239315,-4.21142578125,-10.7421875,-63.53759765625,162.16482543945312,-109.27738189697266,-182.1758270263672,-8.853757858276367,0.002394201699644327,0.7398083209991455,-0.04598735645413399,0.12887966632843018,0.006153845693916082,1.25
-0.014994043856859207,8.72802734375,3.662109375,-26.4892578125,-11.20793628692627,114.53109741210938,141.35494995117188,-6.2177414894104,3.404554843902588,5.588066577911377,-0.0817214846611023,0.12887966632843018,0.006153845693916082,1.2400000095367432
0.017994629219174385,12.39013671875,0.0,-3.35693359375,-183.0045928955078,160.58871459960938,196.17637634277344,-6.904877662658691,-4.259284973144531,-1.3479355573654175,-0.07857455313205719,0.12887966632843018,0.019780220463871956,1.2699999809265137
0.22192783653736115,-0.54931640625,5.7373046875,6.591796875,171.4464111328125,78.98092651367188,76.75,-11.884817123413086,-1.9009960889816284,-1.403002142906189,-0.07422653585672379,0.12887966632843018,0.006153845693916082,0.8299999833106995
-0.2908880114555359,2.38037109375,-10.986328125,4.2724609375,182.8294677734375,-129.24151611328125,-147.09010314941406,-12.176909446716309,2.434903144836426,2.7269957065582275,0.15272830426692963,0.12887966632843018,0.006153845693916082,2.430000066757202
-0.026987504214048386,2.13623046875,24.2919921875,-69.03076171875,-15.936285018920898,103.498291015625,155.69285583496094,-2.1284453868865967,0.42856210470199585,-3.624821424484253,0.14081864058971405,0.12887966632843018,0.006153845693916082,0.3199999928474426
-0.2908880114555359,-10.498046875,17.578125,-21.1181640625,194.56277465820312,45.35711669921875,57.18296813964844,-13.64455509185791,-2.695871114730835,1.3766659498214722,0.10087636113166809,0.12887966632843018,7.3703293800354,0.5299999713897705
-0.2669011056423187,8.544921875,-4.82177734375,-3.84521484375,218.02938842773438,-137.82260131835938,-139.83680725097656,-11.724405288696289,10.63743782043457,1.4772224426269531,0.026678496971726418,0.12372203916311264,0.0057142856530845165,1.9800000190734863
-0.2908880114555359,13.0615234375,0.30517578125,0.8544921875,218.02938842773438,-137.82260131835938,-139.83680725097656,-13.900734901428223,7.879317760467529,-4.3861775398254395,0.030097084119915962,0.12372203916311264,0.0057142856530845165,1.8899999856948853
-0.21891836822032928,11.71875,2.685546875,-2.50244140625,363.9076843261719,-109.27738189697266,-166.3197784423828,-9.890446662902832,3.8474819660186768,-1.335964560508728,-0.08571597933769226,0.12372203916311264,0.006153845693916082,0.5400000214576721
-0.17393623292446136,1.52587890625,7.26318359375,-22.39990234375,-36.07554626464844,-35.72529602050781,-84.67802429199219,-13.625401496887207,-2.1571757793426514,-2.3750481605529785,-0.08093711733818054,0.12372203916311264,7.3703293800354,0.46000000834465027
-0.06297676265239716,-2.44140625,23.74267578125,-32.40966796875,-36.07554626464844,-35.72529602050781,-84.67802429199219,-15.239093780517578,2.9041666984558105,2.655169725418091,-0.08276298642158508,0.12372203916311264,0.014065933413803577,0.3799999952316284
-0.07196963578462601,20.1416015625,10.19287109375,-3.90625,318.3754577636719,-47.633731842041016,-46.89340591430664,-17.482460021972656,2.779668092727661,-4.271255970001221,-0.1769832968711853,0.12372203916311264,0.006153845693916082,1.5399999618530273
-0.1109594851732254,-9.82666015625,-7.38525390625,-6.04248046875,341.1415710449219,-144.65243530273438,-208.8274688720703,-2.7964274883270264,6.275202751159668,2.935291290283203,-0.17120614647865295,0.12372203916311264,0.013626373372972012,1.2799999713897705
-0.11995235085487366,1.03759765625,15.869140625,-30.029296875,-100.87142944335938,154.109130859375,170.03076171875,-11.441889762878418,3.1914708614349365,-1.577778935432434,-0.17819026112556458,0.12372203916311264,0.006153845693916082,0.33000001311302185
-0.14394815266132355,11.53564453125,13.00048828125,-38.02490234375,-100.87142944335938,154.109130859375,170.03076171875,-10.010157585144043,4.110844135284424,-3.6535518169403076,-0.198447123169899,0.12887966632843018,0.006153845693916082,0.27000001072883606
-0.07797080278396606,-8.72802734375,5.31005859375,-42.41943359375,-58.666542053222656,-34.1491813659668,-59.881866455078125,-12.504915237426758,3.0861258506774902,-5.963956356048584,-0.23020388185977936,0.12372203916311264,0.0057142856530845165,1.840000033378601
-0.008992875926196575,6.8359375,0.79345703125,-40.95458984375,283.8760070800781,-20.83975601196289,-8.265384674072266,-9.983820915222168,0.9528922438621521,-1.9249380826950073,-0.26511019468307495,0.12372203916311264,0.006593406666070223,0.9800000190734863
-0.008992875926196575,15.44189453125,-11.53564453125,-16.9677734375,121.53606414794922,-99.82068634033203,-213.2131805419922,-4.0533833503723145,5.96874475479126,1.4125789403915405,-0.28711920976638794,0.12372203916311264,0.008351648226380348,0.75
-0.011993460357189178,-5.4931640625,-13.36669921875,-2.9296875,121.53606414794922,-99.82068634033203,-213.2131805419922,-10.47942066192627,-0.7852981686592102,0.7829039692878723,-0.2867077887058258,0.12887966632843018,0.0057142856530845165,0.949999988079071
-0.05997617542743683,15.13671875,-2.3193359375,-4.7607421875,-192.28616333007812,94.21671295166016,79.28022003173828,-4.043806552886963,1.3910311460494995,1.6136919260025024,-0.28331536054611206,0.12887966632843018,0.008351648226380348,0.6000000238418579
-0.08696368336677551,13.18359375,20.81298828125,-7.87353515625,-192.28616333007812,94.21671295166016,79.28022003173828,-4.043806552886963,1.3910311460494995,1.6136919260025024,-0.2830232083797455,0.12887966632843018,0.011868131347000599,1.590000033378601
-0.08696368336677551,-2.01416015625,5.7373046875,-14.58740234375,-2.2766120433807373,117.50820922851562,160.7532958984375,-4.043806552886963,1.3910311460494995,1.6136919260025024,-0.2841532826423645,0.12887966632843018,0.0057142856530845165,1.5299999713897705
-0.08696368336677551,-2.25830078125,-3.41796875,-32.2265625,70.04960632324219,99.12018585205078,181.5010986328125,-12.995726585388184,2.43011474609375,0.8379705548286438,-0.29499876499176025,0.12887966632843018,0.012307691387832165,1.4900000095367432
-0.11995235085487366,-2.25830078125,-3.41796875,-32.2265625,70.04960632324219,99.12018585205078,181.5010986328125,-12.995726585388184,2.43011474609375,0.8379705548286438,-0.29499876499176025,0.12887966632843018,0.0057142856530845165,0.3199999928474426
-0.14094756543636322,1.5869140625,4.8828125,-24.658203125,-90.88935852050781,1.9263640642166138,-30.868680953979492,-12.370840072631836,2.80361008644104,0.6320692300796509,-0.33102452754974365,0.12887966632843018,0.006153845693916082,1.8600000143051147
-0.14394815266132355,5.55419921875,20.44677734375,-36.07177734375,-90.88935852050781,1.9263640642166138,-30.868680953979492,-17.401058197021484,-6.141127109527588,-1.5825673341751099,-0.35241061449050903,0.12372203916311264,0.012747252359986305,0.17000000178813934
-0.14394815266132355,4.82177734375,2.0751953125,-47.54638671875,-41.15414047241211,-35.550174713134766,-84.8467025756836,-17.401058197021484,-6.141127109527588,-1.5825673341751099,-0.37961065769195557,0.12372203916311264,7.380000114440918,0.41999998688697815
-0.14094756543636322,8.72802734375,7.14111328125,-45.166015625,-133.09425354003906,44.83174514770508,-11.807692527770996,-10.714052200317383,6.766014099121094,-1.8483237028121948,-0.40864548087120056,0.12887966632843018,0.006153845693916082,0.3400000035762787
-0.14094756543636322,-2.5634765625,3.47900390625,-50.23193359375,-133.09425354003906,44.83174514770508,-11.807692527770996,-11.245565414428711,-0.08140285313129425,-5.985504150390625,-0.44336315989494324,0.12887966632843018,0.010109889321029186,2.1700000762939453
-0.05097442492842674,20.8740234375,-1.40380859375,-54.01611328125,-115.40672302246094,28.54521369934082,-17.711538314819336,-9.890446662902832,0.026336219161748886,-1.7142484188079834,-0.4866742491722107,0.12887966632843018,0.0057142856530845165,2.2300000190734863
-0.14094756543636322,2.9296875,-8.72802734375,-8.72802734375,-175.64938354492188,95.44258117675781,60.55659484863281,-4.51067590713501,-1.843535304069519,-4.192246913909912,-0.544102668762207,0.12887966632843018,0.006153845693916082,2.6700000762939453
-0.08696368336677551,6.2255859375,-0.42724609375,-6.103515625,333.43609619140625,-80.55704498291016,-181.5010986328125,-7.103596210479736,3.9049429893493652,-1.8746598958969116,-0.5451971292495728,0.12887966632843018,0.0057142856530845165,2.7100000381469727
0.07197851687669754,4.21142578125,-2.86865234375,1.3427734375,282.650146484375,-6.654712200164795,-30.0252742767334,-5.748478412628174,-0.05027823522686958,3.1435868740081787,-0.546751856803894,0.12887966632843018,0.006153845693916082,2.200000047683716
0.07197851687669754,9.33837890625,-0.67138671875,-4.69970703125,282.650146484375,-6.654712200164795,-30.0252742767334,-3.861847162246704,-1.2258312702178955,-2.250549554824829,-0.5441287755966187,0.12887966632843018,0.005274724680930376,2.240000009536743
0.07197851687669754,-16.357421875,-12.63427734375,19.1650390625,326.0809020996094,-56.740177154541016,-99.52198028564453,-13.28303050994873,-1.0079588890075684,5.372588634490967,-0.538188636302948,0.12887966632843018,0.0057142856530845165,3.0299999713897705
0.07497909665107727,0.42724609375,4.33349609375,35.400390625,326.0809020996094,-56.740177154541016,-99.52198028564453,-12.389993667602539,-3.892971992492676,-1.1300631761550903,-0.5112751126289368,0.12887966632843018,0.057582415640354156,1.9199999570846558
0.07197851687669754,-0.79345703125,0.732421875,35.09521484375,8.756200790405273,-61.64365005493164,-163.95823669433594,-15.327678680419922,4.3191399574279785,-1.5969325304031372,-0.46624094247817993,0.12887966632843018,0.025934064760804176,1.9199999570846558
0.06298563629388809,15.380859375,-12.75634765625,30.70068359375,309.6192321777344,-59.89241027832031,-74.8945083618164,-7.522581577301025,4.134786128997803,4.209006309509277,-0.43417149782180786,0.12887966632843018,0.016703296452760696,1.9199999570846558
0.02699638158082962,-6.28662109375,13.12255859375,26.2451171875,194.3876495361328,-121.53606414794922,-181.8384552001953,-9.995792388916016,0.569819986820221,-2.578555107116699,-0.4025689661502838,0.12887966632843018,0.006153845693916082,1.600000023841858
0.02699638158082962,2.197265625,4.0283203125,23.5595703125,194.3876495361328,-121.53606414794922,-181.8384552001953,-8.51138687133789,5.525817394256592,-2.4803929328918457,-0.36799386143684387,0.12887966632843018,0.12263736128807068,1.5499999523162842
0.02699638158082962,-5.43212890625,7.62939453125,14.5263671875,-5.603968143463135,123.28730010986328,145.74066162109375,-12.873621940612793,-1.8818424940109253,-0.849941611289978,-0.3263084292411804,0.12887966632843018,7.3703293800354,0.9200000166893005
0.02699638158082962,-6.89697265625,5.43212890625,17.578125,12.25868034362793,-47.983978271484375,-139.3307647705078,-17.02516746520996,-0.7829039692878723,-5.695805549621582,-0.2974258065223694,0.12887966632843018,0.00967032928019762,1.3799999952316284
0.02699638158082962,19.04296875,-14.22119140625,5.92041015625,-166.71804809570312,181.77871704101562,172.39230346679688,-1.601720929145813,3.0526070594787598,4.129997730255127,-0.28244638442993164,0.12887966632843018,0.09318681061267853,1.0
0.02999696508049965,-5.7373046875,6.40869140625,10.3759765625,-166.71804809570312,181.77871704101562,172.39230346679688,-10.642226219177246,-5.348646640777588,-0.14604629576206207,-0.2686152458190918,0.12887966632843018,0.07428570836782455,1.0
0.053983885794878006,7.9345703125,16.54052734375,10.07080078125,-202.96871948242188,111.55399322509766,99.69065856933594,-8.31985092163086,1.6855180263519287,-4.651933670043945,-0.23980668187141418,0.12887966632843018,0.03604395315051079,0.3799999952316284
0.06298563629388809,-8.9111328125,-14.58740234375,14.95361328125,-202.96871948242188,111.55399322509766,99.69065856933594,-14.25268268585205,-6.294356346130371,-1.2737152576446533,-0.22976379096508026,0.12887966632843018,0.023296702653169632,0.3100000023841858
0.06298563629388809,0.42724609375,2.44140625,20.8740234375,112.0793685913086,-66.54712677001953,-213.55055236816406,-5.612008571624756,-1.9129670858383179,4.350264549255371,-0.1701311469078064,0.12887966632843018,0.07472527772188187,1.8300000429153442
0.06298563629388809,-11.1083984375,2.99072265625,21.66748046875,112.0793685913086,-66.54712677001953,-213.55055236816406,-14.18564510345459,-0.9241618514060974,-2.650381326675415,-0.14105381071567535,0.12887966632843018,0.017142856493592262,0.4099999964237213
0.06298563629388809,2.0751953125,4.2724609375,20.81298828125,-124.86341857910156,185.80657958984375,167.16319274902344,-14.654908180236816,0.21547815203666687,-1.3407529592514038,-0.120915986597538,0.12887966632843018,0.01934065856039524,0.4099999964237213
0.06298563629388809,3.41796875,-13.3056640625,12.0849609375,-124.86341857910156,185.80657958984375,167.16319274902344,-11.544840812683105,3.77565598487854,1.7118542194366455,-0.1037854477763176,0.12887966632843018,0.0057142856530845165,0.4099999964237213
0.06298563629388809,-4.94384765625,4.8828125,22.216796875,77.4048080444336,-66.1968765258789,-174.41648864746094,-6.2392897605896,0.6129156351089478,-2.607285499572754,-0.08616269379854202,0.12887966632843018,0.057582415640354156,1.75
0.05998505279421806,-0.1220703125,-18.06640625,22.216796875,-142.20069885253906,184.23045349121094,180.489013671875,-13.409923553466797,-0.569819986820221,9.315838813781738,-0.049859948456287384,0.12887966632843018,0.0364835150539875,1.75
-0.05397500842809677,-11.23046875,-4.82177734375,11.16943359375,-55.51430892944336,138.8733367919922,147.59616088867188,-5.980715751647949,-4.1826701164245605,-5.585672378540039,0.005018931347876787,0.12887966632843018,0.006153845693916082,1.1799999475479126
-0.2908880114555359,-5.4931640625,17.9443359375,-10.25390625,-55.51430892944336,138.8733367919922,147.59616088867188,-12.78503704071045,0.5386953949928284,-3.840299367904663,0.016004452481865883,0.12887966632843018,0.006153845693916082,4.369999885559082
-0.2908880114555359,8.9111328125,10.19287109375,-33.935546875,347.7962646484375,-84.40977478027344,-137.9813232421875,-6.5481414794921875,6.406883716583252,5.386953830718994,0.00922180525958538,0.12887966632843018,0.012307691387832165,0.2800000011920929
-0.2908880114555359,12.8173828125,-20.20263671875,-66.162109375,347.7962646484375,-84.40977478027344,-137.9813232421875,-2.9544448852539062,4.819528102874756,0.6536170244216919,-0.015322494320571423,0.12887966632843018,0.006153845693916082,1.309999942779541
-0.2908880114555359,10.986328125,-11.29150390625,-74.64599609375,99.2953109741211,-72.32621765136719,-185.0434112548828,-7.95832633972168,2.9233202934265137,-0.7661445140838623,-0.08451131731271744,0.12887966632843018,0.006153845693916082,0.28999999165534973
-0.2908880114555359,8.11767578125,-0.30517578125,-73.3642578125,-79.15605163574219,170.2205352783203,158.22308349609375,-8.209717750549316,5.128379821777344,1.9704279899597168,-0.14455123245716095,0.12887966632843018,0.03560439497232437,0.20999999344348907
-0.2908880114555359,11.71875,9.82666015625,-65.7958984375,32.57306671142578,-37.47653579711914,-154.1747283935547,-2.1930887699127197,6.70376443862915,-3.1962592601776123,-0.20659282803535461,0.12887966632843018,0.007032966706901789,1.409999966621399
-0.2908880114555359,10.68115234375,-31.1279296875,-78.125,32.57306671142578,-37.47653579711914,-154.1747283935547,-7.544129371643066,1.3670891523361206,3.794809579849243,-0.2526538670063019,0.12887966632843018,7.380000114440918,0.3199999928474426
-0.2908880114555359,2.01416015625,10.8642578125,-62.5,306.9924011230469,-23.641740798950195,-55.49615478515625,-3.560177803039551,0.5985504388809204,-6.550535678863525,-0.3146969676017761,0.12887966632843018,0.007912087254226208,1.1100000143051147
-0.2908880114555359,2.685546875,-4.45556640625,-59.814453125,306.9924011230469,-23.641740798950195,-55.49615478515625,-12.677297592163086,-1.1563993692398071,4.41969633102417,-0.32530316710472107,0.12887966632843018,0.0057142856530845165,1.0
-0.2908880114555359,-7.080078125,-26.123046875,-62.56103515625,-201.74285888671875,182.47921752929688,188.58570861816406,-6.8043212890625,-2.5737667083740234,3.845087766647339,-0.41046273708343506,0.12887966632843018,0.008791209198534489,0.4300000071525574
-0.2908880114555359,16.4794921875,-8.4228515625,-61.21826171875,-49.03472137451172,-30.471576690673828,-108.63076782226562,-13.783418655395508,-0.4668693244457245,0.5363011956214905,-0.43127456307411194,0.12887966632843018,0.007472527213394642,0.3400000035762787
-0.2908880114555359,-0.30517578125,-4.39453125,-60.791015625,-49.03472137451172,-30.471576690673828,-108.63076782226562,-14.013262748718262,3.0166940689086914,-4.2760443687438965,-0.5254783630371094,0.12887966632843018,0.010989011265337467,0.9200000166893005
-0.17093566060066223,-9.033203125,-44.49462890625,0.67138671875,77.93018341064453,47.4586067199707,139.49945068359375,-9.84735107421875,1.237802267074585,1.8363527059555054,-0.6031427383422852,-0.0,0.007032966706901789,0.7099999785423279
-0.1769368201494217,6.34765625,2.9296875,2.3193359375,-154.2842559814453,54.81381607055664,-31.543407440185547,-11.779472351074219,2.691082715988159,-1.2306196689605713,-0.5984727740287781,-0.0,0.006593406666070223,1.0199999809265137
-0.026987504214048386,0.6103515625,-0.18310546875,0.79345703125,-177.75086975097656,99.2953109741211,62.58076858520508,-9.464279174804688,-0.18914192914962769,-0.208295539021492,-0.5503246784210205,0.1031067818403244,0.006593406666070223,0.8799999952316284
-0.03297979384660721,0.48828125,2.38037109375,0.67138671875,-178.80160522460938,99.99581146240234,63.2554931640625,-10.273519515991211,-0.18914192914962769,-0.7254431247711182,-0.5370305180549622,0.11340678483247757,7.341318607330322,0.8600000143051147
-0.03297979384660721,0.48828125,0.1220703125,0.244140625,-178.80160522460938,99.2953109741211,62.58076858520508,-9.816226959228516,0.021547814831137657,-0.5363011956214905,-0.5241199731826782,0.1185644119977951,0.011428571306169033,0.8899999856948853
-0.03297979384660721,1.64794921875,0.30517578125,-0.18310546875,101.39679718017578,-93.34109497070312,-254.5401153564453,-9.914388656616211,-1.6376339197158813,-0.6943184733390808,-0.5123404264450073,0.07217627763748169,0.007032966706901789,0.8700000047683716
-0.04498213529586792,8.60595703125,8.056640625,-8.23974609375,101.39679718017578,-93.34109497070312,-254.5401153564453,-9.08838939666748,3.00711727142334,1.1971008777618408,-0.5037810206413269,0.025788141414523125,0.006593406666070223,1.5099999904632568
-0.05997617542743683,0.79345703125,13.671875,-0.6103515625,288.2541198730469,-59.19191360473633,-51.61648178100586,-10.94389533996582,-0.28969839215278625,-2.4636335372924805,-0.496257483959198,-0.0,0.006593406666070223,1.3600000143051147
-0.06297676265239716,-5.0048828125,-1.40380859375,-3.173828125,138.17283630371094,27.844717025756836,87.54560089111328,-9.514557838439941,1.2641384601593018,0.10055647045373917,-0.4941854476928711,-0.0,0.006593406666070223,0.9800000190734863
-0.11995235085487366,-3.662109375,-2.25830078125,-3.96728515625,138.17283630371094,27.844717025756836,87.54560089111328,-10.599130630493164,-0.3208230137825012,0.5123591423034668,-0.4814741909503937,-0.0,0.007032966706901789,1.0199999809265137