groundSteeringRequest,angularVelocityX,angularVelocityY,angularVelocityZ,magneticFieldX,magneticFieldY,magneticFieldZ,accelerationX,accelerationY,accelerationZ,heading,pedal,voltage,distance
0.07197851687669754,25.08544921875,-6.8359375,-5.18798828125,322.9286804199219,-44.131248474121094,9.783516883850098,-8.949525833129883,-2.3702597618103027,1.4293383359909058,2.5595593452453613,0.08249153196811676,0.007472527213394642,1.899999976158142
0.07197851687669754,-4.57763671875,-32.958984375,-0.30517578125,322.9286804199219,-44.131248474121094,9.783516883850098,-8.949525833129883,-2.3702597618103027,1.4293383359909058,2.56581449508667,0.09279152750968933,0.006153845693916082,1.3899999856948853
0.07197851687669754,13.671875,-30.3955078125,12.63427734375,-179.50210571289062,178.80160522460938,224.85220336914062,-8.949525833129883,-2.3702597618103027,1.4293383359909058,2.581266164779663,0.1031067818403244,0.0057142856530845165,1.100000023841858
0.07197851687669754,6.53076171875,-6.7138671875,13.427734375,-179.50210571289062,178.80160522460938,224.85220336914062,-8.949525833129883,-2.3702597618103027,1.4293383359909058,2.597698211669922,0.10826440900564194,0.0057142856530845165,3.990000009536743
0.07197851687669754,14.34326171875,-9.58251953125,11.41357421875,94.56696319580078,-63.39488983154297,-201.40548706054688,-9.809043884277344,1.8986018896102905,-0.9696516990661621,2.622844934463501,0.11340678483247757,0.005274724680930376,2.880000114440918
0.07197851687669754,-16.66259765625,-37.59765625,7.26318359375,94.56696319580078,-63.39488983154297,-201.40548706054688,-9.809043884277344,1.8986018896102905,-0.9696516990661621,2.638209104537964,0.14433729648590088,0.0057142856530845165,1.8899999856948853
0.07197851687669754,-5.9814453125,-10.80322265625,15.7470703125,7.355208396911621,-28.370088577270508,-123.47472381591797,-12.744335174560547,-5.159504413604736,2.604891300201416,2.6560893058776855,0.14949491620063782,0.0057142856530845165,1.9500000476837158
0.07497909665107727,15.56396484375,12.26806640625,26.18408203125,7.355208396911621,-28.370088577270508,-123.47472381591797,-12.744335174560547,-5.159504413604736,2.604891300201416,2.683368444442749,0.14949491620063782,0.005274724680930376,1.4900000095367432
0.1499493271112442,-10.009765625,-2.50244140625,26.67236328125,267.0641174316406,-147.62953186035156,-191.79066467285156,-12.516886711120605,2.561795711517334,0.7158662676811218,2.7055957317352295,0.14949491620063782,0.005274724680930376,0.9700000286102295
0.1499493271112442,-17.4560546875,-16.2353515625,60.791015625,267.0641174316406,-147.62953186035156,-191.79066467285156,-20.015525817871094,-11.705251693725586,4.237736701965332,2.72082781791687,0.14949491620063782,0.005274724680930376,2.109999895095825
0.13195469975471497,-11.77978515625,-18.73779296875,63.720703125,-178.9767303466797,46.582984924316406,4.048351764678955,-16.824054718017578,-5.085284233093262,5.159504413604736,2.8250041007995605,0.14949491620063782,0.0057142856530845165,2.549999952316284
0.0929737240076065,-8.544921875,-17.7001953125,74.76806640625,-61.29340362548828,118.03358459472656,136.2945098876953,-6.67024564743042,3.375824451446533,3.8283283710479736,2.9256043434143066,0.14949491620063782,0.0057142856530845165,1.6399999856948853
0.06597734987735748,-2.38037109375,10.80322265625,85.38818359375,-61.29340362548828,118.03358459472656,136.2945098876953,-10.407594680786133,0.727837324142456,-3.162740468978882,3.0061800479888916,0.13917966187000275,0.0057142856530845165,0.8700000047683716
0.05998505279421806,5.55419921875,10.7421875,60.36376953125,313.1217346191406,-162.51507568359375,-207.14065551757812,-7.615955352783203,8.564059257507324,-1.1061211824417114,3.077331304550171,0.05156102031469345,0.010989011265337467,0.8899999856948853
0.056984469294548035,2.99072265625,-0.91552734375,39.73388671875,157.96185302734375,11.908432960510254,93.44944763183594,-9.715670585632324,7.639897346496582,-6.737283706665039,3.077331304550171,0.046403393149375916,0.0057142856530845165,1.4900000095367432
0.056984469294548035,-10.43701171875,-14.892578125,30.45654296875,157.96185302734375,11.908432960510254,93.44944763183594,-16.560693740844727,-2.9281086921691895,-1.4317325353622437,-3.1114423274993896,0.056703392416238785,0.005274724680930376,1.1100000143051147
0.07497909665107727,-4.0283203125,-17.333984375,25.57373046875,258.1327819824219,-173.02252197265625,-167.6692352294922,-10.42195987701416,0.26575639843940735,4.525041103363037,-3.0612995624542236,0.06701865047216415,0.010989011265337467,1.1100000143051147
0.07497909665107727,2.62451171875,-6.40869140625,34.48486328125,258.1327819824219,-173.02252197265625,-167.6692352294922,-5.238513469696045,2.8993782997131348,-1.2186486721038818,-3.0337603092193604,0.07217627763748169,0.046593405306339264,1.7899999618530273
0.0779796913266182,-1.3427734375,-3.41796875,23.25439453125,28.7203369140625,73.55208587646484,188.58570861816406,-9.169792175292969,-3.488351821899414,1.932120680809021,-3.0337603092193604,0.07217627763748169,0.07208790630102158,1.7899999618530273
0.0779796913266182,-8.544921875,-14.16015625,24.84130859375,28.7203369140625,73.55208587646484,188.58570861816406,-17.9732723236084,-4.185064315795898,-1.3455413579940796,-2.9699370861053467,0.07733390480279922,0.04307692125439644,1.8600000143051147
0.0779796913266182,24.35302734375,-6.591796875,27.64892578125,-218.5547637939453,63.39488983154297,84.34066009521484,-11.001357078552246,3.1914708614349365,2.315192937850952,-2.9462149143218994,0.07733390480279922,0.016703296452760696,2.0
0.0779796913266182,6.4697265625,24.7802734375,17.88330078125,87.56200408935547,-103.67341613769531,-216.92417907714844,-13.797783851623535,2.250549554824829,-5.513846397399902,-2.928051710128784,0.08249153196811676,0.13010989129543304,2.0
0.10196660459041595,3.23486328125,32.16552734375,18.73779296875,87.56200408935547,-103.67341613769531,-216.92417907714844,-14.00607967376709,-1.790862798690796,-4.78122091293335,-2.9174506664276123,0.08249153196811676,0.05274725332856178,0.8600000143051147
0.11396006494760513,-13.24462890625,-2.99072265625,18.9208984375,98.41969299316406,-103.32316589355469,-226.03297424316406,-5.827486991882324,1.1540051698684692,0.5434837937355042,-2.876774549484253,0.08249153196811676,0.010989011265337467,2.069999933242798
0.11096835881471634,5.9814453125,-32.8369140625,19.34814453125,98.41969299316406,-103.32316589355469,-226.03297424316406,3.754108190536499,1.482010841369629,9.68933391571045,-2.86612868309021,0.10826440900564194,0.005274724680930376,2.1600000858306885
0.11396006494760513,-4.8828125,24.10888671875,20.44677734375,-142.5509490966797,56.740177154541016,13.831868171691895,-28.74239158630371,0.15562310814857483,-9.346962928771973,-2.8305256366729736,0.10826440900564194,0.005274724680930376,2.200000047683716
0.11096835881471634,2.62451171875,-3.41796875,24.71923828125,-146.57879638671875,36.25067138671875,-27.157691955566406,-7.644685745239258,-2.3056161403656006,-1.0630255937576294,-2.7984213829040527,0.10826440900564194,0.061978019773960114,2.2200000286102295
0.11096835881471634,4.94384765625,-11.65771484375,28.3203125,34.1491813659668,-67.77298736572266,-164.80165100097656,-7.5968017578125,2.734178304672241,3.928884983062744,-2.7477149963378906,0.10826440900564194,0.006153845693916082,2.2200000286102295
0.11096835881471634,-18.798828125,-5.18798828125,30.33447265625,95.09233856201172,-94.39183807373047,-224.17747497558594,-19.673154830932617,-8.458714485168457,-0.790086567401886,-2.6963744163513184,0.10826440900564194,0.017142856493592262,1.0299999713897705
0.11096835881471634,-2.50244140625,4.21142578125,26.611328125,-156.5608673095703,53.587947845458984,-12.145054817199707,-9.66539192199707,-1.3742717504501343,0.6536170244216919,-2.6723268032073975,0.10826440900564194,0.006153845693916082,1.0299999713897705
0.11096835881471634,0.67138671875,11.962890625,32.2265625,288.2541198730469,-43.781002044677734,-25.30219841003418,-3.9217023849487305,7.132326602935791,5.427655220031738,-2.6442244052886963,0.10826440900564194,0.005274724680930376,1.3899999856948853
-0.1139511838555336,-4.82177734375,16.357421875,2.685546875,84.40977478027344,-93.51622009277344,-230.75604248046875,-9.220070838928223,3.861847162246704,-4.55616569519043,-2.511218547821045,0.10826440900564194,0.013186813332140446,2.130000114440918
-0.01798575185239315,3.84521484375,-1.15966796875,-20.8740234375,-119.95994567871094,136.42160034179688,136.80055236816406,-8.992621421813965,6.497863292694092,-1.1731587648391724,-2.5160107612609863,0.10826440900564194,0.006153845693916082,0.6700000166893005
-0.05097442492842674,-6.77490234375,6.9580078125,-6.77490234375,-119.95994567871094,136.42160034179688,136.80055236816406,-13.994109153747559,-1.5945383310317993,-2.126051187515259,-2.515531539916992,0.10826440900564194,0.005274724680930376,1.1200000047683716
-0.08996427059173584,-22.64404296875,22.64404296875,-7.01904296875,-142.20069885253906,67.94811248779297,29.687911987304688,-18.308460235595703,-4.718971252441406,-2.5019407272338867,-2.5294113159179688,0.11340678483247757,0.03076923079788685,1.350000023841858
-0.14394815266132355,4.57763671875,5.2490234375,-8.11767578125,79.50630187988281,-79.50630187988281,-195.3329620361328,-6.016628742218018,5.920860767364502,0.15801730751991272,-2.5222115516662598,0.1185644119977951,0.010549449361860752,1.0299999713897705
-0.14394815266132355,14.892578125,2.86865234375,-37.17041015625,251.4780731201172,12.959177017211914,0.6747252941131592,-7.747636795043945,6.313509941101074,-3.354276418685913,-2.532113790512085,0.1185644119977951,0.013186813332140446,2.930000066757202
-0.17992854118347168,6.103515625,-9.46044921875,-51.513671875,-157.78672790527344,74.7779541015625,30.868680953979492,-0.10295066982507706,2.2170307636260986,1.2856862545013428,-2.537017822265625,0.1185644119977951,0.007032966706901789,0.8899999856948853
-0.08996427059173584,4.33349609375,-31.18896484375,-59.326171875,-157.78672790527344,74.7779541015625,30.868680953979492,-17.824831008911133,-0.5506663918495178,-1.5131354331970215,-2.574040412902832,0.1185644119977951,0.006593406666070223,1.5299999713897705
-0.08996427059173584,9.033203125,12.75634765625,-43.3349609375,-207.1717071533203,157.08624267578125,179.98297119140625,-6.435614109039307,1.0438718795776367,-5.683834552764893,-2.611875295639038,0.1185644119977951,0.00967032928019762,3.2799999713897705
-0.023986920714378357,9.6435546875,-11.3525390625,-4.57763671875,216.62840270996094,-143.7768096923828,-168.17527770996094,-6.8162922859191895,1.1468225717544556,4.558559894561768,-2.6867663860321045,0.1185644119977951,0.005274724680930376,1.4700000286102295
-0.14693985879421234,-10.3759765625,14.16015625,-7.38525390625,-90.53911590576172,138.8733367919922,146.5840606689453,-19.223045349121094,-7.129932403564453,-1.965639591217041,-2.6863338947296143,0.1185644119977951,0.005274724680930376,3.890000104904175
0.14694873988628387,-3.7841796875,25.57373046875,-2.5634765625,301.0381774902344,-51.661582946777344,-26.482967376708984,-13.302184104919434,-0.7493851184844971,-10.529699325561523,-2.7172110080718994,0.1185644119977951,0.005274724680930376,1.4900000095367432
0.16194278001785278,15.31982421875,13.97705078125,10.07080078125,-212.07518005371094,125.56391143798828,161.765380859375,-16.572664260864258,0.7541735172271729,-5.284003257751465,-2.608316421508789,0.12372203916311264,0.015824174508452415,1.5700000524520874
0.14395703375339508,-5.55419921875,0.06103515625,47.607421875,102.97291564941406,68.64861297607422,131.57142639160156,-8.310274124145508,-5.315127849578857,1.2090718746185303,-2.5820348262786865,0.12372203916311264,0.06285714358091354,1.3799999952316284
0.0929737240076065,14.58740234375,-1.64794921875,62.19482421875,-57.440673828125,107.52613830566406,128.53517150878906,-10.33098030090332,3.114856243133545,5.832275390625,-2.512629508972168,0.12372203916311264,0.005274724680930376,0.4300000071525574
0.056984469294548035,-21.728515625,19.47021484375,45.166015625,-57.440673828125,107.52613830566406,128.53517150878906,-10.393229484558105,-1.01753568649292,-5.75326681137085,-2.4637436866760254,0.12372203916311264,0.0057142856530845165,1.5099999904632568
0.02699638158082962,-5.67626953125,2.86865234375,31.494140625,321.3525695800781,-78.28043365478516,-51.44780349731445,-9.48343276977539,0.8140285611152649,-2.2361843585968018,-2.427954912185669,0.12372203916311264,7.4186811447143555,0.8299999833106995
0.017994629219174385,-5.55419921875,-0.244140625,15.625,340.2659606933594,-74.42770385742188,-45.71263885498047,-9.167398452758789,1.4077905416488647,0.6919242739677429,-2.3873159885406494,0.12372203916311264,0.005274724680930376,3.890000104904175
0.012002337723970413,-4.82177734375,-10.92529296875,8.85009765625,340.2659606933594,-74.42770385742188,-45.71263885498047,-6.998251438140869,-4.14915132522583,-0.8571242094039917,-2.3752057552337646,0.12372203916311264,0.03340659290552139,3.390000104904175
0.05998505279421806,-2.99072265625,-0.30517578125,4.57763671875,379.1434631347656,-100.69630432128906,-163.4521942138672,-13.89355182647705,-2.5522189140319824,1.115697979927063,-2.3506782054901123,0.12372203916311264,0.017142856493592262,1.7599999904632568
0.08097139000892639,-4.21142578125,6.04248046875,18.9208984375,-176.7001190185547,82.13316345214844,61.56867980957031,-14.85362720489502,-0.8212111592292786,0.7398083209991455,-2.332780361175537,0.12372203916311264,0.007472527213394642,1.7200000286102295
0.08997314423322678,12.451171875,-3.173828125,24.47509765625,-176.7001190185547,82.13316345214844,61.56867980957031,-13.862427711486816,3.028665065765381,2.676717519760132,-2.307640314102173,0.12372203916311264,0.010109889321029186,4.190000057220459
0.20693378150463104,-0.1220703125,0.30517578125,38.2080078125,-185.63145446777344,72.15109252929688,48.91758346557617,-10.400411605834961,5.549759387969971,1.1635819673538208,-2.268761396408081,0.12372203916311264,0.009230769239366055,4.409999847412109
0.23692187666893005,22.52197265625,31.3720703125,80.4443359375,347.7962646484375,-152.0076446533203,-225.6956024169922,-1.929726481437683,11.549629211425781,-3.2609026432037354,-2.20133638381958,0.12372203916311264,0.010109889321029186,2.0299999713897705
0.24291418492794037,3.11279296875,8.60595703125,88.07373046875,-174.5986328125,163.74095153808594,173.9104461669922,-9.533711433410645,6.294356346130371,-1.8339585065841675,-2.10060453414917,0.12372203916311264,0.01626373641192913,1.9700000286102295
0.09597431123256683,-13.12255859375,20.99609375,87.21923828125,-174.5986328125,163.74095153808594,173.9104461669922,-13.450624465942383,-1.4652514457702637,-2.7126305103302,-2.0293004512786865,0.12372203916311264,0.07252747565507889,1.1100000143051147
0.017994629219174385,6.65283203125,-2.86865234375,81.298828125,86.51126098632812,84.40977478027344,143.04176330566406,-7.4986395835876465,0.6823474764823914,0.6943184733390808,-1.9663934707641602,0.12372203916311264,7.413846015930176,1.5800000429153442
0.012002337723970413,9.6435546875,-19.95849609375,10.7421875,-14.185044288635254,116.8077163696289,140.17417907714844,-7.726088523864746,-1.094150185585022,-1.644816517829895,-1.8639181852340698,0.12372203916311264,0.07252747565507889,1.090000033378601
0.05098330229520798,13.671875,-19.287109375,-0.9765625,-199.29112243652344,156.5608673095703,182.85055541992188,-4.824316501617432,5.219359397888184,-2.516305923461914,-1.8497514724731445,0.12372203916311264,0.007912087254226208,1.6100000143051147
0.05098330229520798,-1.15966796875,1.0986328125,9.1552734375,-199.29112243652344,156.5608673095703,182.85055541992188,-13.163320541381836,1.3503297567367554,2.319981336593628,-1.84183669090271,0.12372203916311264,0.009230769239366055,4.090000152587891
0.0030005844309926033,-23.49853515625,-16.78466796875,13.427734375,323.6291809082031,-171.97177124023438,-229.74395751953125,-5.353435039520264,-3.6056675910949707,2.027888774871826,-1.8252007961273193,0.12372203916311264,0.023296702653169632,1.100000023841858
0.02399579808115959,-0.06103515625,-3.41796875,7.38525390625,277.5715637207031,-18.73826789855957,-29.181867599487305,-4.280832767486572,0.5889735817909241,0.8188169598579407,-1.8062628507614136,0.12372203916311264,0.014945054426789284,3.319999933242798
0.02999696508049965,-7.26318359375,-1.5869140625,3.11279296875,277.5715637207031,-18.73826789855957,-29.181867599487305,-6.550535678863525,-5.710170745849609,-0.19871874153614044,-1.7962228059768677,0.12372203916311264,0.10593406111001968,1.3799999952316284
0.012002337723970413,18.49365234375,-16.05224609375,8.9111328125,95.44258117675781,-101.04655456542969,-234.97308349609375,-1.482010841369629,10.589553833007812,2.561795711517334,-1.7883366346359253,0.12372203916311264,0.00967032928019762,1.309999942779541
0.13195469975471497,15.44189453125,80.322265625,-1.64794921875,93.51622009277344,85.11026763916016,140.6802215576172,-7.594407558441162,0.7230489253997803,-10.781089782714844,-1.7395886182785034,0.12372203916311264,0.032967034727334976,1.1100000143051147
0.25191593170166016,-8.056640625,18.00537109375,28.4423828125,93.51622009277344,85.11026763916016,140.6802215576172,-12.076353073120117,-0.1843535304069519,1.015141487121582,-1.7320796251296997,0.12372203916311264,0.005274724680930376,1.0399999618530273
0.2908880114555359,-7.50732421875,-13.36669921875,65.91796875,-204.719970703125,151.13201904296875,173.9104461669922,-9.495404243469238,1.2617442607879639,-0.5746083855628967,-1.6778582334518433,0.12372203916311264,0.005274724680930376,1.0299999713897705
0.2908880114555359,-23.4375,-15.2587890625,66.83349609375,319.9515686035156,-153.23350524902344,-236.32252502441406,-10.541669845581055,-0.9504980444908142,3.928884983062744,-1.6030021905899048,0.12372203916311264,0.023736262694001198,0.9700000286102295
0.18593856692314148,-22.27783203125,-2.01416015625,74.64599609375,319.9515686035156,-153.23350524902344,-236.32252502441406,-11.14500904083252,0.7493851184844971,-7.33583402633667,-1.5560747385025024,0.12372203916311264,0.07164835184812546,2.0299999713897705
0.2908880114555359,-3.72314453125,-22.52197265625,-1.3427734375,-150.4315185546875,172.1468963623047,145.234619140625,-9.5408935546875,4.278438568115234,4.331110954284668,-1.3499151468276978,0.12887966632843018,0.032967034727334976,1.409999966621399
0.2908880114555359,-7.62939453125,-16.29638671875,2.685546875,-150.4315185546875,172.1468963623047,145.234619140625,-9.5408935546875,4.278438568115234,4.331110954284668,-1.3417845964431763,0.12372203916311264,0.043516483157873154,1.5
-0.035980381071567535,0.91552734375,-0.30517578125,8.9111328125,322.2281799316406,-152.7081298828125,-228.39450073242188,-6.007051944732666,-2.2864625453948975,-2.4133553504943848,-1.144468903541565,0.12372203916311264,0.00967032928019762,1.6299999952316284
0.20693378150463104,2.3193359375,8.60595703125,-1.953125,-166.71804809570312,179.3269805908203,173.74176025390625,-6.0190229415893555,5.281609058380127,1.6855180263519287,-1.0750714540481567,0.12887966632843018,0.006153845693916082,1.2799999713897705
0.2609087824821472,-2.62451171875,9.8876953125,16.41845703125,319.075927734375,-147.80465698242188,-211.86373901367188,-6.528987884521484,-4.970362663269043,-7.273584842681885,-0.9469044208526611,0.12887966632843018,0.005274724680930376,0.6399999856948853
-0.10495830327272415,2.685546875,-10.19287109375,19.6533203125,319.075927734375,-147.80465698242188,-211.86373901367188,-11.401187896728516,1.4149731397628784,6.399701118469238,-0.9387170076370239,0.12887966632843018,0.0057142856530845165,0.8700000047683716
0.2039332091808319,2.62451171875,-12.87841796875,-4.94384765625,-180.20260620117188,180.20260620117188,177.9587860107422,-9.315838813781738,4.771644115447998,-3.4524388313293457,-0.8251497149467468,0.12887966632843018,0.0057142856530845165,0.6700000166893005
0.20093262195587158,2.62451171875,-12.87841796875,-4.94384765625,-180.20260620117188,180.20260620117188,177.9587860107422,-9.315838813781738,4.771644115447998,-3.4524388313293457,-0.8214724659919739,0.12887966632843018,0.11296702921390533,1.3300000429153442
0.18593856692314148,-0.06103515625,15.2587890625,102.05078125,-132.0435028076172,177.57574462890625,145.40328979492188,-18.002002716064453,3.5194764137268066,0.038307227194309235,-0.8196989893913269,0.12887966632843018,0.006593406666070223,2.200000047683716
0.17993740737438202,10.31494140625,-3.7841796875,98.44970703125,-132.0435028076172,177.57574462890625,145.40328979492188,-14.494497299194336,-0.5722141861915588,5.114014625549316,-0.6574009656906128,0.12887966632843018,0.014505494385957718,0.3799999952316284
0.22192783653736115,-0.1220703125,-16.78466796875,100.15869140625,301.0381774902344,-25.04273223876953,-29.85659408569336,-4.225765705108643,-0.43335050344467163,7.3669586181640625,-0.5568994879722595,0.12887966632843018,0.042637359350919724,1.1100000143051147
0.12896297872066498,7.01904296875,27.587890625,101.62353515625,-127.6654052734375,43.60587692260742,-19.735713958740234,-9.945513725280762,3.7205893993377686,-3.531447410583496,-0.48841264843940735,0.12887966632843018,0.0057142856530845165,2.950000047683716
0.2039332091808319,-7.01904296875,10.8642578125,0.244140625,101.7470474243164,-74.7779541015625,-208.32142639160156,-12.737153053283691,3.7708675861358643,0.9911994934082031,-0.20692820847034454,0.12372203916311264,0.012307691387832165,1.2100000381469727
0.0929737240076065,-0.9765625,-8.1787109375,6.4697265625,290.00537109375,-2.8019840717315674,-23.952747344970703,-13.965377807617188,4.855441093444824,2.3726539611816406,-0.193492591381073,0.12372203916311264,0.012747252359986305,1.2899999618530273
0.08997314423322678,-6.8359375,14.70947265625,69.88525390625,290.00537109375,-2.8019840717315674,-23.952747344970703,-5.30076265335083,3.421314239501953,-3.773261785507202,-0.15777352452278137,0.12372203916311264,0.024175824597477913,1.3799999952316284
0.06897792965173721,11.23046875,-39.306640625,63.720703125,-190.18467712402344,176.52499389648438,183.86264038085938,-1.8267759084701538,2.322375535964966,5.655104160308838,-0.09069553017616272,0.12372203916311264,0.013626373372972012,1.4600000381469727
0.02399579808115959,-8.544921875,-9.6435546875,43.27392578125,110.67837524414062,-65.84662628173828,-201.06813049316406,-10.3333740234375,-1.6089035272598267,5.157110214233398,-0.03102450631558895,0.12372203916311264,0.013186813332140446,1.5399999618530273
-0.04198155179619789,-4.69970703125,1.0986328125,5.126953125,57.96604537963867,123.81267547607422,181.66978454589844,-16.560693740844727,-1.0462660789489746,-0.38546645641326904,0.0895782932639122,0.12372203916311264,0.013186813332140446,1.0399999618530273
-0.023986920714378357,-8.7890625,27.52685546875,6.9580078125,136.7718505859375,122.06143188476562,105.76318359375,-16.560693740844727,-1.0462660789489746,-0.38546645641326904,0.09956695139408112,0.12887966632843018,0.09978021681308746,1.4199999570846558
0.12596239149570465,17.76123046875,7.9345703125,1.220703125,-117.157958984375,26.4437255859375,-16.02472496032715,-4.994304656982422,4.853046894073486,-4.908113479614258,0.09423360228538513,0.12372203916311264,0.013626373372972012,1.149999976158142
-0.18592970073223114,-9.765625,-2.3193359375,0.79345703125,-182.30409240722656,168.64442443847656,191.11593627929688,-11.061211585998535,-2.1068973541259766,-1.7334020137786865,0.24863073229789734,0.11340678483247757,7.438021659851074,3.4700000286102295
0.12596239149570465,6.8359375,13.427734375,-2.685546875,-122.93704986572266,65.49637603759766,-8.434065818786621,-11.267112731933594,6.947973251342773,-2.3127987384796143,0.22103984653949738,0.1185644119977951,0.0057142856530845165,4.179999828338623
0.12296181917190552,1.89208984375,15.19775390625,-5.92041015625,-122.93704986572266,65.49637603759766,-8.434065818786621,-10.228029251098633,0.021547814831137657,-1.7142484188079834,0.22190307080745697,0.1185644119977951,7.442856788635254,1.7899999618530273
0.07497909665107727,6.65283203125,-12.5732421875,17.4560546875,373.18927001953125,-59.36703872680664,-128.36648559570312,-4.311957359313965,5.643133163452148,0.8451532125473022,0.2235010266304016,0.1185644119977951,0.013186813332140446,1.7000000476837158
0.03298867493867874,16.78466796875,6.8359375,50.35400390625,-168.46929931640625,185.981689453125,195.3329620361328,-12.45703125,-0.047884032130241394,-1.2641384601593018,0.27300965785980225,0.1185644119977951,0.01626373641192913,1.5399999618530273
0.012002337723970413,5.55419921875,-24.47509765625,29.296875,-168.46929931640625,185.981689453125,195.3329620361328,-10.08198356628418,0.20111294090747833,1.1994950771331787,0.3072534501552582,0.1185644119977951,0.0057142856530845165,1.5700000524520874
0.02399579808115959,2.86865234375,-2.685546875,6.9580078125,122.76193237304688,91.58985900878906,146.5840606689453,-12.346898078918457,-6.833051681518555,-0.7829039692878723,0.38712459802627563,0.1185644119977951,0.0057142856530845165,1.25
0.02399579808115959,8.544921875,-2.50244140625,2.0751953125,-172.1468963623047,131.86837768554688,139.16209411621094,-10.843338966369629,3.6583402156829834,-2.0398597717285156,0.39488300681114197,0.1185644119977951,0.013186813332140446,1.0199999809265137
0.02399579808115959,3.72314453125,8.72802734375,0.79345703125,-172.1468963623047,131.86837768554688,139.16209411621094,-16.388309478759766,-4.505887508392334,-5.846640586853027,0.4069266617298126,0.1185644119977951,7.438021659851074,1.100000023841858
0.02399579808115959,8.1787109375,19.34814453125,2.13623046875,310.66998291015625,-7.004960536956787,-12.482417106628418,-6.5265936851501465,-2.9257144927978516,5.214570999145508,0.4100618064403534,0.1185644119977951,0.006153845693916082,1.100000023841858
0.0929737240076065,-9.27734375,11.23046875,0.0,-115.23159790039062,188.4334259033203,162.27142333984375,-18.849550247192383,-6.433219909667969,-1.2976572513580322,0.4196839928627014,0.1185644119977951,0.006153845693916082,0.9700000286102295
0.0929737240076065,19.22607421875,4.57763671875,6.7138671875,315.048095703125,-20.83975601196289,-27.83241844177246,-9.08838939666748,0.5219359397888184,-5.1116204261779785,0.43431830406188965,0.1185644119977951,0.006593406666070223,0.9700000286102295
0.06897792965173721,4.08935546875,0.18310546875,26.67236328125,315.048095703125,-20.83975601196289,-27.83241844177246,-10.929530143737793,3.5027170181274414,-2.9233202934265137,0.44648051261901855,0.1185644119977951,0.006153845693916082,2.640000104904175
0.06897792965173721,12.87841796875,-3.60107421875,29.541015625,-122.06143188476562,67.07249450683594,-18.7236270904541,-6.076483726501465,5.712564945220947,5.650315761566162,0.4890609085559845,0.1185644119977951,0.007912087254226208,3.319999933242798
0.09896601736545563,-3.35693359375,-11.65771484375,29.60205078125,-94.04159545898438,40.103397369384766,-36.60384750366211,-11.403582572937012,-1.7262194156646729,4.594472885131836,0.5314152836799622,0.1185644119977951,0.006153845693916082,0.23999999463558197
0.09896601736545563,0.48828125,-4.39453125,26.123046875,-149.03053283691406,197.01451110839844,169.86209106445312,-4.750096321105957,4.0749311447143555,-3.1914708614349365,0.568142831325531,0.1185644119977951,0.010109889321029186,0.17000000178813934
0.18293799459934235,6.40869140625,-8.72802734375,36.43798828125,-105.24952697753906,37.65166091918945,-37.61593246459961,-15.603012084960938,0.2968810200691223,1.2425906658172607,0.5982049107551575,0.1185644119977951,0.006593406666070223,0.6600000262260437
0.21292608976364136,-10.07080078125,5.859375,50.59814453125,-105.24952697753906,37.65166091918945,-37.61593246459961,-9.354146003723145,-1.094150185585022,3.3614590167999268,0.6408916115760803,0.1185644119977951,0.007032966706901789,3.609999895095825
0.2908880114555359,-16.78466796875,-0.9765625,69.9462890625,-188.4334259033203,198.5906219482422,189.59780883789062,-13.869609832763672,-8.542511940002441,3.3231518268585205,0.6971665620803833,0.1185644119977951,7.423516273498535,3.640000104904175
0.2908880114555359,-2.50244140625,-8.72802734375,69.27490234375,329.0580139160156,-55.51430892944336,-111.1609878540039,-14.602235794067383,4.110844135284424,0.6033388376235962,0.7719664573669434,0.1185644119977951,0.006593406666070223,1.2200000286102295
0.2908880114555359,-11.65771484375,14.34326171875,73.1201171875,31.522321701049805,121.53606414794922,207.14065551757812,-8.04930591583252,-5.985504150390625,-5.813121795654297,0.8392856121063232,0.1185644119977951,0.006153845693916082,1.2799999713897705
0.2908880114555359,-16.05224609375,12.3291015625,69.091796875,31.522321701049805,121.53606414794922,207.14065551757812,-13.235146522521973,-2.3965959548950195,-3.97916316986084,0.9112141728401184,0.1185644119977951,0.006593406666070223,1.3600000143051147
0.2908880114555359,-3.7841796875,-2.44140625,74.3408203125,232.38955688476562,-123.11217498779297,-159.40383911132812,-19.02672004699707,-3.8953661918640137,4.8051629066467285,1.0032163858413696,0.1185644119977951,0.01934065856039524,0.14000000059604645
0.24291418492794037,7.568359375,5.55419921875,75.1953125,-65.84662628173828,140.09921264648438,160.58460998535156,-5.770026206970215,-2.2912509441375732,-2.116474151611328,1.0357624292373657,0.1185644119977951,0.007032966706901789,1.1399999856948853
-0.05397500842809677,17.88330078125,0.54931640625,3.662109375,-142.37582397460938,63.21976852416992,25.133516311645508,-4.99669885635376,3.7828385829925537,0.05506663769483566,1.344844937324524,0.1185644119977951,0.009230769239366055,1.3899999856948853
0.188939169049263,-0.9765625,4.150390625,-7.01904296875,254.98056030273438,11.558184623718262,13.494505882263184,-8.530540466308594,-3.224989652633667,-3.3016040325164795,1.3605942726135254,0.1185644119977951,0.0057142856530845165,2.8299999237060547
0.012002337723970413,8.85009765625,5.615234375,4.8828125,315.3983459472656,-150.78176879882812,-205.9598846435547,-8.877699851989746,6.045359134674072,2.9879636764526367,1.4535526037216187,0.1185644119977951,0.005274724680930376,1.3300000429153442
0.06298563629388809,4.69970703125,-14.34326171875,2.8076171875,226.6104736328125,-153.40863037109375,-160.24725341796875,-10.591948509216309,4.491522312164307,5.16668701171875,1.5882619619369507,0.1185644119977951,0.012307691387832165,0.8199999928474426
0.2908880114555359,-3.96728515625,-8.7890625,2.13623046875,226.6104736328125,-153.40863037109375,-160.24725341796875,-4.738124847412109,4.948814868927002,3.9600095748901367,1.6033068895339966,0.1185644119977951,0.006593406666070223,1.0800000429153442
-0.026987504214048386,3.2958984375,-7.568359375,-1.15966796875,108.5768814086914,-102.62266540527344,-210.5142822265625,-8.827421188354492,-3.24414324760437,-3.184288263320923,1.7572271823883057,0.1185644119977951,0.005274724680930376,0.8700000047683716
-0.2908880114555359,2.8076171875,0.1220703125,-3.72314453125,-176.1747589111328,148.85540771484375,199.38131713867188,-4.041412353515625,8.78193187713623,-2.3558943271636963,1.760506272315979,0.1185644119977951,0.0057142856530845165,1.399999976158142
0.04799159616231918,17.63916015625,2.74658203125,-4.5166015625,116.98283386230469,74.95307159423828,132.24615478515625,-3.8762125968933105,6.086060523986816,-1.644816517829895,1.7218624353408813,0.1185644119977951,0.005274724680930376,1.5199999809265137
0.22192783653736115,9.033203125,16.2353515625,-3.90625,260.7596435546875,-23.641740798950195,0.1686813235282898,-7.173027992248535,-0.27054479718208313,-2.477998733520508,1.7298099994659424,0.1185644119977951,0.0057142856530845165,1.2200000286102295
0.12596239149570465,-18.798828125,2.685546875,11.16943359375,260.7596435546875,-23.641740798950195,0.1686813235282898,-15.911864280700684,-7.661445140838623,-0.40462008118629456,1.7362442016601562,0.1185644119977951,7.404175758361816,2.640000104904175
0.006001168861985207,10.1318359375,-15.80810546875,59.87548828125,216.2781524658203,18.03777313232422,34.57966995239258,-5.216965198516846,2.4851813316345215,1.3742717504501343,1.7362442016601562,0.1185644119977951,0.007032966706901789,2.0999999046325684
0.23392130434513092,-26.3671875,28.38134765625,64.63623046875,216.2781524658203,18.03777313232422,34.57966995239258,-19.40021514892578,-6.605602264404297,-0.9481038451194763,1.8543126583099365,0.1185644119977951,0.0057142856530845165,2.490000009536743
0.20693378150463104,0.06103515625,-14.83154296875,9.82666015625,167.5936737060547,-119.25945281982422,-167.50054931640625,-8.453926086425781,-2.054224967956543,0.9289502501487732,1.9141298532485962,0.1185644119977951,0.005274724680930376,1.440000057220459
0.19793203473091125,-7.99560546875,2.01416015625,68.84765625,343.7684326171875,-131.51812744140625,-186.39285278320312,-0.2992752194404602,4.745307922363281,3.5841197967529297,1.9484318494796753,0.1185644119977951,0.005274724680930376,2.369999885559082
0.16494335234165192,-24.71923828125,6.9580078125,67.626953125,343.7684326171875,-131.51812744140625,-186.39285278320312,-23.065738677978516,-4.14915132522583,0.6727706789970398,2.0186448097229004,0.1185644119977951,0.02153846062719822,1.2699999809265137
0.16494335234165192,0.8544921875,3.662109375,72.8759765625,299.4620666503906,-61.64365005493164,-38.4593391418457,-7.797914981842041,5.0254292488098145,-0.38067805767059326,2.1337027549743652,0.1185644119977951,0.012307691387832165,2.309999942779541
0.14095644652843475,-23.25439453125,19.95849609375,76.0498046875,-177.40061950683594,69.52423095703125,53.13461685180664,-11.84890365600586,-3.93367338180542,-3.6056675910949707,2.2235589027404785,0.1185644119977951,0.03340659290552139,2.2799999713897705
0.07497909665107727,8.11767578125,-3.11279296875,81.11572265625,-174.24838256835938,36.60091781616211,-20.41044044494629,-5.051765441894531,-2.0231003761291504,0.8188169598579407,2.2994015216827393,0.1185644119977951,0.0057142856530845165,1.100000023841858
0.015002922154963017,-3.7841796875,-15.625,70.12939453125,-174.24838256835938,36.60091781616211,-20.41044044494629,-5.91128396987915,4.235342502593994,3.155557870864868,2.363185167312622,0.1185644119977951,0.06065933778882027,4.230000019073486
0.08997314423322678,-8.23974609375,-0.48828125,0.06103515625,-162.33995056152344,45.707366943359375,-11.301648139953613,-15.591041564941406,-2.980781078338623,0.6823474764823914,2.4645471572875977,0.1185644119977951,0.006153845693916082,0.7200000286102295
0.18593856692314148,0.732421875,51.69677734375,-0.6103515625,-162.33995056152344,45.707366943359375,-11.301648139953613,-19.302053451538086,-2.5091233253479004,-9.414000511169434,2.468665361404419,0.1185644119977951,0.006593406666070223,1.0
0.20693378150463104,-10.8642578125,-17.08984375,33.87451171875,-58.666542053222656,121.3609390258789,128.70384216308594,-13.421894073486328,3.40216064453125,1.6496049165725708,2.493692398071289,0.1185644119977951,0.0364835150539875,0.5099999904632568
0.1739451140165329,6.28662109375,-1.28173828125,66.650390625,184.40557861328125,-130.46739196777344,-193.47747802734375,-7.491456985473633,3.6128501892089844,-0.9504980444908142,2.5715835094451904,0.1185644119977951,0.03956044092774391,0.9900000095367432
0.053983885794878006,-15.380859375,-20.6298828125,74.5849609375,106.12515258789062,66.54712677001953,122.12527465820312,-12.294225692749023,-4.678269863128662,1.742978811264038,2.636164903640747,0.1185644119977951,0.013186813332140446,0.9900000095367432
-0.23991358280181885,-4.2724609375,-26.4892578125,7.26318359375,-155.68524169921875,46.40786361694336,-43.351097106933594,-12.200851440429688,-1.0414776802062988,-0.30885201692581177,2.8194093704223633,0.1185644119977951,0.02241758070886135,0.7599999904632568
-0.1379469931125641,3.41796875,5.55419921875,-13.12255859375,326.43115234375,-65.14613342285156,-43.519779205322266,-16.931793212890625,5.542576789855957,2.5019407272338867,2.7931089401245117,0.12372203916311264,0.013626373372972012,1.850000023841858
-0.1529410183429718,-2.5634765625,24.7802734375,-8.4228515625,77.75505828857422,91.06448364257812,167.6692352294922,-9.397241592407227,1.1420341730117798,-4.14915132522583,2.7791738510131836,0.12372203916311264,0.013626373372972012,0.8700000047683716
-0.2908880114555359,-14.09912109375,-14.58740234375,-30.76171875,365.3086853027344,-130.29226684570312,-213.55055236816406,-12.732364654541016,-4.436455726623535,-0.1604115068912506,2.7481770515441895,0.12372203916311264,0.0057142856530845165,0.3400000035762787
-0.2908880114555359,-0.48828125,3.173828125,-2.86865234375,202.443359375,-115.23159790039062,-173.40438842773438,-14.156914710998535,-0.2968810200691223,2.588131904602051,2.736236095428467,0.12372203916311264,0.006153845693916082,0.27000001072883606
-0.2908880114555359,-1.52587890625,-17.51708984375,-36.865234375,314.6978454589844,-66.0217514038086,-72.02692413330078,-6.253654956817627,-4.0294413566589355,-1.9369091987609863,2.7277355194091797,0.12372203916311264,0.0057142856530845165,0.2199999988079071
-0.014994043856859207,-9.1552734375,-17.51708984375,-27.16064453125,25.568105697631836,99.12018585205078,188.92308044433594,-6.052541732788086,-2.4899697303771973,1.0678139925003052,2.6189939975738525,0.12372203916311264,0.006153845693916082,0.36000001430511475
-0.2908880114555359,7.50732421875,-28.3203125,-6.9580078125,25.568105697631836,99.12018585205078,188.92308044433594,-7.510610580444336,0.4836287498474121,7.503427982330322,2.613450765609741,0.12372203916311264,0.006593406666070223,0.6200000047683716
-0.10495830327272415,-5.4931640625,5.18798828125,-4.69970703125,301.7386779785156,-45.35711669921875,-26.482967376708984,-13.189657211303711,-3.3183634281158447,2.7772738933563232,2.552410364151001,0.12372203916311264,0.006153845693916082,0.8199999928474426
-0.0989571362733841,4.5166015625,-3.90625,-4.08935546875,106.3002700805664,-105.24952697753906,-215.743408203125,-11.274295806884766,2.585737705230713,5.1547160148620605,2.5519707202911377,0.12372203916311264,0.0057142856530845165,1.190000057220459
-0.05997617542743683,-18.00537109375,12.3291015625,-7.14111328125,241.49600219726562,-142.02557373046875,-196.17637634277344,-17.31486701965332,-6.452373504638672,-4.000710964202881,2.5045106410980225,0.12372203916311264,0.015824174508452415,1.2899999618530273
0.012002337723970413,-11.962890625,1.77001953125,-6.9580078125,-165.14193725585938,156.3857421875,173.2357177734375,-18.006790161132812,-10.900799751281738,-2.736572504043579,2.501357316970825,0.12372203916311264,0.006153845693916082,3.5999999046325684
0.2908880114555359,15.68603515625,13.85498046875,-2.13623046875,-86.51126098632812,134.14498901367188,123.81208801269531,-8.801085472106934,4.845864295959473,1.7477672100067139,2.500856399536133,0.12372203916311264,0.0057142856530845165,3.5999999046325684
0.2908880114555359,-14.892578125,5.18798828125,3.0517578125,-86.51126098632812,134.14498901367188,123.81208801269531,-15.184026718139648,-1.9704279899597168,2.741360902786255,2.506465435028076,0.12372203916311264,0.011428571306169033,1.4900000095367432
0.2908880114555359,11.962890625,7.14111328125,9.70458984375,68.4734878540039,67.77298736572266,159.0664825439453,-15.705963134765625,2.920926094055176,-0.2825157940387726,2.605452537536621,0.12372203916311264,0.006153845693916082,1.2300000190734863
0.2908880114555359,-10.55908203125,-5.859375,-4.2724609375,68.4734878540039,67.77298736572266,159.0664825439453,-4.8267107009887695,-0.8547300100326538,1.9177554845809937,2.6124508380889893,0.12372203916311264,0.005274724680930376,1.2300000190734863
0.2579171061515808,-10.009765625,6.16455078125,24.23095703125,330.80926513671875,-146.22854614257812,-216.0807647705078,-15.140931129455566,-2.3127987384796143,1.4748282432556152,2.625485420227051,0.12372203916311264,0.0057142856530845165,1.2300000190734863
0.2729111313819885,-6.04248046875,-8.48388671875,59.2041015625,198.06524658203125,2.9771082401275635,44.02582550048828,-6.550535678863525,-0.6368576288223267,4.378994941711426,2.6959521770477295,0.12372203916311264,0.006153845693916082,0.3199999928474426
0.2908880114555359,1.5869140625,1.89208984375,18.5546875,198.06524658203125,2.9771082401275635,44.02582550048828,-9.188945770263672,1.335964560508728,-6.655880451202393,2.739100694656372,0.12372203916311264,0.006153845693916082,1.4299999475479126
0.2908880114555359,15.9912109375,12.26806640625,22.76611328125,157.96185302734375,34.32430648803711,97.83516693115234,-10.381258010864258,3.162740468978882,-4.932055473327637,2.7478833198547363,0.12372203916311264,0.010989011265337467,1.4299999475479126
0.188939169049263,-1.3427734375,2.13623046875,29.296875,155.1598663330078,62.694393157958984,106.26923370361328,-7.967903137207031,-0.6416460275650024,-1.4891934394836426,2.9281060695648193,0.12372203916311264,0.0057142856530845165,2.259999990463257
0.2908880114555359,22.216796875,9.70458984375,6.8359375,84.76001739501953,104.72415924072266,160.92198181152344,-13.012486457824707,5.659892559051514,-4.338293552398682,2.961411476135254,0.12372203916311264,0.006153845693916082,2.259999990463257
0.015002922154963017,15.13671875,-86.60888671875,27.03857421875,49.56009292602539,90.53911590576172,148.2708740234375,-9.751583099365234,-1.3742717504501343,-10.340557098388672,3.072246551513672,0.12372203916311264,0.007032966706901789,1.0800000429153442
0.12596239149570465,-2.197265625,38.51318359375,-0.42724609375,341.4918212890625,-116.6325912475586,-200.39340209960938,-10.766724586486816,-1.8722656965255737,-3.177105665206909,3.101849317550659,0.12372203916311264,0.011868131347000599,2.0999999046325684
0.13795585930347443,3.7841796875,1.8310546875,-15.380859375,341.4918212890625,-116.6325912475586,-200.39340209960938,-12.923900604248047,2.7030537128448486,-1.9177554845809937,3.1035730838775635,0.12372203916311264,0.005274724680930376,0.9200000166893005
0.13795585930347443,-5.7373046875,-18.1884765625,23.193359375,105.07440185546875,97.36894989013672,105.25714111328125,-10.046070098876953,0.6775590777397156,-3.043030261993408,3.10117244720459,0.12372203916311264,0.014505494385957718,2.0199999809265137
0.1349552720785141,-8.1787109375,22.8271484375,35.94970703125,259.884033203125,-151.30714416503906,-193.9835205078125,-20.556615829467773,2.473210334777832,0.24181437492370605,-3.137929916381836,0.12372203916311264,0.010549449361860752,0.8799999952316284
0.14395703375339508,5.0048828125,16.17431640625,39.794921875,259.884033203125,-151.30714416503906,-193.9835205078125,-7.637503147125244,-2.3726539611816406,-2.499546527862549,-3.0918962955474854,0.12372203916311264,0.020219778642058372,0.8899999856948853
0.06597734987735748,10.3759765625,2.44140625,46.875,236.24229431152344,2.2766120433807373,-5.22912073135376,-5.810727596282959,1.094150185585022,0.7613561153411865,-3.051461696624756,0.12372203916311264,0.014945054426789284,0.8399999737739563
0.07497909665107727,-32.16552734375,-45.47119140625,-32.53173828125,187.2075653076172,66.0217514038086,39.977474212646484,0.416591078042984,0.2537853717803955,4.709394454956055,-2.9935035705566406,0.12372203916311264,7.428351879119873,0.9100000262260437
0.12296181917190552,0.1220703125,12.75634765625,-13.12255859375,-13.134300231933594,115.75696563720703,127.01703643798828,-7.151480197906494,-0.3734954595565796,-2.578555107116699,-3.0304791927337646,0.12372203916311264,0.0057142856530845165,1.6200000047683716