1584542904775115
1584542904873158
1584542904978991
1584542905073144
1584542905173099
1584542905279460
1584542905376973
1584542905473325
1584542905572814
1584542905673642
1584542905775478
1584542905872995
1584542905972813
1584542906072914
1584542906175966
1584542906275501
1584542906472786
1584542906572935
1584542906673772
1584542906774913
1584542906872686
1584542906972834
1584542907072776
1584542907172555
1584542907172555
1584542907274935
1584542907372737
1584542907472599
1584542907676450
1584542907775069
1584542907872893
1584542908372625
1584542908572519
1584542908673095
1584542909072821
1584542909172487
1584542909275191
1584542909372678
1584542909472096
1584542909572446
1584542910071965
1584542910171937
1584542910773997
1584542911277650
1584542911277650
1584542911372417
1584542911571664
1584542911672751
1584542911774742
1584542911871626
1584542911971804
1584542912074268
1584542912171933
1584542912273797
1584542912371724
1584542912471506
1584542912571466
1584542912672387
1584542912871571
1584542912971582
1584542913071420
1584542913171331
1584542913273678
1584542913371675
1584542913471300
1584542913871575
1584542913971284
1584542914071197
1584542914171330
1584542914273974
1584542914971061
1584542915071472
1584542915371381
1584542916970804
1584542917370572
1584542917470692
1584542917970513
1584542918070763
1584542918170583
1584542918272671
1584542918470637
1584542918570532
1584542919170463
1584542919272805
1584542919370145
1584542919470100
1584542919570261
1584542920070164
1584542920170335
1584542920969813
1584542921771873
1584542922673526
1584542922772536
1584542922870085
1584542922970465
1584542923069747
1584542923570308
1584542923771600
1584542923869239
1584542923969427
1584542924069367
1584542924169237
1584542924271417
1584542924271417
1584542924469245
1584542924469245
1584542924569196
1584542924670209
1584542924771130
1584542924869078
1584542925069036
1584542925169519
1584542925271227
1584542925369196
1584542925869316
1584542926068990
1584542926368838
1584542927270557
1584542927368744
1584542928068383
1584542928168365
1584542928568496
1584542928668987
1584542928770387
1584542928868447
1584542929068242
1584542929168373
1584542929270720
1584542929368241
1584542929468408
1584542929568176
1584542929668918
1584542929770711
1584542930368209
1584542930468026
1584542930568108
1584542930668783
1584542930770086
1584542931270113
1584542931668399
1584542931967822
1584542932269889
1584542932367682
1584542932467890
1584542932769855
1584542932867646
1584542933167631
1584542933269606
1584542933668186
1584542934067248
1584542934167357
1584542934269825
1584542934567479
1584542934668053
1584542934769194
1584542934967105
1584542935067119
1584542935167288
1584542935467399
1584542935567148
1584542935866931
1584542935967125
1584542936067183
1584542936166853
1584542936269004
1584542936367017
1584542936466799
1584542936867107
1584542936967028
