1584543045545908
1584543045646290
1584543045747715
1584543045845870
1584543045945571
1584543046045592
1584543046146053
1584543046345494
1584543046345494
1584543046445878
1584543046649756
1584543046747832
1584543046845697
1584543046945551
1584543047045621
1584543047145330
1584543047247562
1584543047345745
1584543047448977
1584543047545844
1584543047646347
1584543047747604
1584543047845561
1584543047945544
1584543048045230
1584543048145195
1584543048252226
1584543048345883
1584543048545503
1584543048645857
1584543048747544
1584543048845223
1584543048945060
1584543049145130
1584543049545114
1584543049645613
1584543050144796
1584543050247337
1584543050544737
1584543050645522
1584543050844637
1584543050944762
1584543051044568
1584543051144538
1584543051247572
1584543051344522
1584543051544658
1584543051645139
1584543051746618
1584543051844738
1584543052144497
1584543052246552
1584543052444449
1584543052546880
1584543052645069
1584543052746717
1584543052844283
1584543052944160
1584543053044435
1584543053144320
1584543053246299
1584543053346708
1584543053447068
1584543053547377
1584543053645093
1584543053746806
1584543053844069
1584543053944242
1584543054044082
1584543054644574
1584543054745931
1584543054844014
1584543054944038
1584543055043836
1584543055144021
1584543055245971
1584543055343830
1584543055444023
1584543055544121
1584543055644527
1584543055746044
1584543055843970
1584543055944013
1584543056044204
1584543056143927
1584543056246747
1584543056344015
1584543056444101
1584543056543580
1584543056644395
1584543056745816
1584543056843687
1584543056943993
1584543057043724
1584543057143800
1584543057245910
1584543057343574
1584543057543598
1584543057644296
1584543057745423
1584543057843503
1584543057943932
1584543058143480
1584543058143480
1584543058245278
1584543058343377
1584543058443589
1584543058543290
1584543058745463
1584543058745463
1584543058943080
1584543059043247
1584543059643803
1584543062244393
1584543062342647
1584543062442655
1584543062542455
1584543062643656
1584543062744510
1584543062842528
1584543062942788
1584543063042337
1584543063142311
1584543063244228
1584543063342280
1584543063444966
1584543063542609
1584543063643572
1584543063743820
1584543063842315
1584543063842315
1584543063942374
1584543064042123
1584543064247872
1584543064342824
1584543064442641
1584543064542041
1584543064642726
1584543064744520
1584543064842173
1584543064941966
1584543065044750
1584543065142077
1584543065244031
1584543065341988
1584543065441871
1584543065542189
1584543065642679
1584543065743877
1584543066441804
1584543068041621
1584543068141309
1584543068941299
1584543070540872
1584543070642017
1584543071540657
1584543071641676
1584543071742619
1584543071840614
1584543072242667
1584543072340521
1584543072440555
1584543072940703
1584543073044949
1584543073140804
1584543073440901
1584543073540495
1584543073641089
1584543074242066
1584543074340502
1584543075939773
1584543076039998
1584543076241903
1584543076339695
1584543076339695
1584543076539684
1584543076539684
1584543076640541
1584543076741993
1584543076839778
1584543076942156
1584543077040420
1584543077139853
1584543077241608
1584543077339989
1584543077439472
1584543077539452
1584543077640328
1584543077741874
1584543077839599
1584543077939811
1584543078039708
1584543078139316
1584543078241788
1584543078339468
1584543078440371
1584543078539427
1584543078639988
1584543078741496
1584543079039175
1584543079142309
1584543079741593
1584543079839032
1584543079939092
1584543080039315
1584543080138939
1584543080241197
1584543080339235
1584543080438859
1584543080538833
1584543080639627
1584543080741215
1584543080838897
1584543082138732
1584543082240800
1584543082338732
1584543082438788
1584543082538471
1584543082639371
1584543082740704
1584543082838394
1584543082938622
1584543083038537
1584543083138377
1584543083240321
1584543083338536
1584543083438265
1584543083541140
1584543083639330
1584543083740244
1584543083838391
1584543083938391
1584543084038632
1584543084138163
1584543084240446
1584543084338121
1584543084438109
1584543084538266
1584543084638732
1584543084740115
1584543084838216
1584543084938229
1584543085038243
1584543085138268
1584543085240099
1584543085337929
1584543085438166
1584543085538103
1584543085638530
1584543085740201
1584543085838149
1584543085938020
1584543086038337
1584543086137855
1584543086240252
1584543086338042
1584543086437754
1584543086537801
1584543086638755
1584543086739975
1584543086837867
1584543086938113
1584543087038050
1584543087138269
1584543088337405
1584543088437569
1584543090137069
1584543090137069
1584543090336983
1584543090437086
1584543090537081
1584543090637617
1584543090738553
1584543090837047
1584543090936940
1584543091036863
1584543091036863
1584543091238693
1584543091336814
1584543091437116
1584543091536735
1584543091637420
1584543091739209
1584543091836715
1584543091936738
1584543092036832
1584543092136656
1584543092336755
1584543092336755
1584543092436807
1584543092637413
1584543092836508
1584543093036484
1584543093136572
1584543093336376
1584543093336376
1584543093836486
1584543094136396
1584543094536283
1584543094836274
1584543094936239
1584543095936068
1584543096636598
1584543097135801
1584543097238170
1584543097335576
1584543097335576
1584543097535560
1584543097636245
1584543097636245
1584543097835622
1584543097835622
1584543097938129
1584543098135639
1584543098435409
1584543098535609
1584543098741735
1584543098836552
1584543098836552
1584543098936248
1584543099035598
1584543099237333
1584543099335210
1584543099335210
1584543099535412
1584543099535412
1584543099737193
1584543099835340
1584543099835340
1584543099935215
1584543100035085
1584543100135358
1584543100237373
1584543100335142
1584543100435248
1584543100535396
1584543100635603
1584543100736853
1584543101435045
1584543101534774
1584543101635725
1584543101736614
1584543102034689
1584543102834728
1584543103134803
1584543103236440
1584543104034770
1584543104134335
1584543104236527
1584543104334454
1584543104434263
1584543104534284
1584543105134167
1584543105236683
1584543105834585
1584543106134090
1584543106434439
1584543106833766
1584543107333822
1584543107739681
1584543107834078
1584543108033569
1584543108133650
1584543108235817
1584543108333490
1584543108433498
1584543108533620
1584543109033290
1584543109133464
1584543109239471
1584543109333451
1584543110033294
1584543110133121
1584543110235077
1584543110735089
1584543110833326
1584543111234896
1584543111333140
1584543111533348
1584543112735073
1584543112835703
1584543112933287
1584543113032844
1584543113132643
1584543113332861
1584543113432800
1584543113734910
1584543113832647
1584543114032731
1584543114132490
1584543114235118
1584543114332387
1584543114532727
1584543114633228
1584543114734374
1584543115032398
1584543115132639
1584543115633122
1584543116032793
1584543118431726
1584543118531739
1584543118934305
1584543119031999
1584543119233589
1584543119331804
1584543119431721
1584543119531808
1584543119531808
1584543119632525
1584543119733550
1584543119831839
1584543119931416
1584543120031349
1584543120131383
1584543120233574
1584543120331182
1584543120531353
1584543120631903
1584543120733281
1584543120831654
1584543120931072
1584543121833780
1584543122530686
1584543122631583
1584543122930771
1584543123232711
1584543123330887
1584543123433252
1584543123531231
1584543123631670
