1584543154024633
1584543154125140
1584543154324615
1584543154324615
1584543154524661
1584543154625490
1584543154726542
1584543154824699
1584543155024622
1584543155124660
1584543155124660
1584543155324559
1584543155424526
1584543155524320
1584543155625483
1584543158423960
1584543158523887
1584543158625049
1584543158725863
1584543158823937
1584543158923935
1584543159023732
1584543159123900
1584543159226086
1584543159323608
1584543159424094
1584543159523941
1584543159624597
1584543159725498
1584543159823916
1584543159923893
1584543160023702
1584543160123880
1584543160225528
1584543160323703
1584543160426724
1584543160523644
1584543160624063
1584543160726031
1584543160823369
1584543160923305
1584543161023901
1584543161123679
1584543161230099
1584543161324087
1584543161423220
1584543161523282
1584543161923272
1584543162023121
1584543165122525
1584543165224889
1584543167122301
1584543168021936
1584543168124766
1584543168224773
1584543168321937
1584543168422194
1584543168522063
1584543168622776
1584543168724343
1584543168822071
1584543168922030
1584543169021928
1584543169122362
1584543169224065
1584543169321904
1584543169422125
1584543169521871
1584543169625544
1584543170223659
1584543170321820
1584543171121331
1584543171223556
1584543172321124
1584543173723554
1584543173820762
1584543174520794
1584543174722903
1584543174920746
1584543175021081
1584543175123766
1584543175223100
1584543175320656
1584543175420814
1584543175520444
1584543175621161
1584543175722754
1584543175820398
1584543176222857
1584543176320527
1584543176722994
1584543176820412
1584543176920366
1584543177020677
1584543177120259
1584543177222172
1584543177320166
1584543177423233
1584543177520823
1584543177620773
1584543177721941
1584543177820558
1584543177919971
1584543178120339
1584543178225735
1584543178620489
1584543178620489
1584543178920692
1584543179019919
1584543179119704
1584543179822411
1584543180519659
1584543180620095
1584543180721331
1584543181919488
1584543182019537
1584543182119273
1584543182221073
1584543182319520
1584543182419368
1584543182519086
1584543182619932
1584543182819054
1584543182919198
1584543183019088
1584543184119065
1584543184220832
1584543184319157
1584543184418936
1584543184518724
1584543184619549
1584543184720568
1584543184819010
1584543184922048
1584543185019029
1584543185118610
1584543185318812
1584543185418665
1584543185518764
1584543185619528
1584543185720703
1584543185819061
1584543185919185
1584543186018835
1584543186118430
1584543186220685
1584543186318510
1584543186418349
1584543186918228
1584543187018510
1584543187120916
1584543187318413
1584543187318413
1584543187720345
1584543187818388
1584543187920668
1584543188118187
1584543188220302
1584543188318288
1584543188418174
1584543188517917
1584543189017878
1584543190018678
1584543190117855
1584543190220400
1584543190317692
1584543190417817
1584543190517775
1584543190618199
1584543190719964
1584543190817690
1584543190917447
1584543191017802
1584543191117637
1584543191219853
1584543191317862
1584543191417604
1584543191618173
1584543191719585
1584543191719585
1584543191817399
1584543192017861
1584543192017861
1584543192117222
1584543192517427
1584543193417187
1584543195218912
1584543195916667
1584543196418935
1584543196617637
1584543196718916
1584543196816352
1584543196916345
1584543197016465
1584543197116323
1584543197218552
1584543197316664
1584543197416178
1584543197617017
1584543197718160
1584543197816267
1584543198018981
1584543198116235
1584543198218619
1584543198316001
1584543198416002
1584543198819659
1584543199916003
1584543200217899
1584543201415522
1584543201515709
1584543201816091
1584543201916255
1584543202018843
1584543202415658
1584543202515532
1584543202717554
1584543202815545
1584543202915168
1584543203115262
1584543203115262
1584543203315333
1584543203415176
1584543203515024
1584543203615812
1584543203716842
1584543203915103
1584543204014914
1584543204014914
1584543204216876
1584543204216876
1584543204314840
1584543204414876
1584543205115144
1584543205216350
1584543205314628
1584543205514628
1584543205615231
1584543205716541
1584543205814545
1584543205914544
1584543206014652
1584543206216205
1584543206615269
1584543206716049
1584543206814354
1584543207216106
1584543207314220
1584543208014230
1584543208215711
1584543208314128
1584543208414476
1584543208514247
1584543208614928
1584543209014119
1584543209114228
1584543209514123
1584543209614674
1584543209715934
1584543209814030
1584543209914237
1584543210014049
1584543210114024
1584543210216034
1584543210313778
1584543210413910
1584543210715709
1584543210813902
1584543210914054
1584543211014074
1584543211114027
1584543211215890
1584543211313767
1584543212014064
1584543213313755
1584543213413288
1584543213513282
1584543213616985
1584543213715311
1584543213813276
1584543213913092
1584543214013346
1584543214113222
1584543214215261
1584543214416009
1584543214513246
1584543214613881
1584543214715242
1584543214813419
1584543214913065
1584543215218993
1584543215313652
1584543215715025
1584543216812652
1584543216912756
1584543217512415
1584543219512182
1584543219613237
1584543219713912
1584543219812187
1584543219915037
1584543220011805
1584543220214143
1584543220311719
1584543220411889
1584543220511735
1584543220612369
1584543220717907
1584543220811925
1584543220911619
1584543221011773
1584543222111426
1584543222111426
1584543223411469
1584543223615264
1584543223714025
1584543224111178
1584543224213779
1584543224611813
1584543224712650
1584543224810880
1584543225311127
1584543225410896
1584543225511004
1584543225611494
1584543225712681
1584543225813764
1584543225911023
1584543226011044
1584543226110867
1584543226212740
1584543226310639
1584543226410831
1584543226510587
1584543226611344
1584543226712603
1584543226810541
1584543226910469
1584543227010694
1584543227110427
1584543227611736
1584543227712318
1584543229110313
1584543229211828
1584543229310142
1584543229410367
1584543229513031
1584543229614049
1584543229712498
1584543229809973
1584543229910212
1584543230010202
1584543230110286
1584543230211871
1584543230310003
1584543230413384
1584543230509983
1584543230611153
1584543230809784
1584543230909976
1584543231009815
1584543231109645
1584543231309709
1584543231409659
1584543231509845
1584543231610248
1584543231711684
1584543231809698
1584543231912139
1584543232009600
1584543232109745
1584543232212094
1584543232309636
1584543232410325
1584543232509829
1584543233309404
1584543233309404
1584543233309404
1584543233309404
1584543233309404
1584543233309404
1584543233309404
1584543233309404
1584543233309404
1584543233309404
