1584543402179635
1584543402276515
1584543402379030
1584543402477580
1584543402577043
1584543402678372
1584543402776612
1584543402876520
1584543402976657
1584543403076847
1584543403178710
1584543403276317
1584543403376436
1584543403476276
1584543403576878
1584543403776207
1584543403876220
1584543403976735
1584543404076539
1584543404178470
1584543404276278
1584543404376139
1584543404476661
1584543404576891
1584543404678060
1584543404776011
1584543404876257
1584543404976332
1584543405075953
1584543405276125
1584543405376138
1584543405476129
1584543405576852
1584543405677652
1584543405776443
1584543405875834
1584543405975806
1584543406078633
1584543406177873
1584543406275741
1584543406375897
1584543406475694
1584543406677838
1584543406677838
1584543406878612
1584543406976092
1584543407075683
1584543407177703
1584543407275899
1584543407375504
1584543407475486
1584543407576361
1584543407682219
1584543407776431
1584543407876197
1584543407975406
1584543408075420
1584543408177772
1584543408478606
1584543408576173
1584543409575990
1584543410275152
1584543410680626
1584543410775289
1584543410875151
1584543411374794
1584543411874816
1584543412774711
1584543414177091
1584543414676219
1584543414774528
1584543414874308
1584543414974031
1584543415074286
1584543415176123
1584543415374124
1584543415473957
1584543415574750
1584543415676197
1584543415773836
1584543415873822
1584543415977202
1584543417175880
1584543418574252
1584543419175414
1584543419675211
1584543420373130
1584543420675032
1584543420773153
1584543420872995
1584543420972909
1584543421073099
1584543421275457
1584543421373385
1584543421473269
1584543421573703
1584543421675393
1584543421772792
1584543421872800
1584543422472858
1584543422573576
1584543422674338
1584543422872780
1584543422972877
1584543423072677
1584543423272866
1584543423372525
1584543423472857
1584543423576348
1584543423674489
1584543423772772
1584543423872496
1584543423972388
1584543424072567
1584543424573146
1584543424872598
1584543424972384
1584543426371884
1584543426472161
1584543426572621
1584543426673498
1584543426772283
1584543426871976
1584543426972452
1584543427071949
1584543427173790
1584543427275665
1584543427372201
1584543427471993
1584543427572353
1584543427673668
1584543427771687
1584543427871849
1584543427972033
1584543428071643
1584543428271716
1584543428372046
1584543428471706
1584543428471706
1584543428572332
1584543428673479
1584543428771892
1584543428871687
1584543428972102
1584543429072166
1584543429173799
1584543429272316
1584543429371314
1584543429871566
1584543430071397
1584543430071397
1584543430177250
1584543430271284
1584543430371277
1584543430571653
1584543430571653
1584543430673681
1584543433870405
1584543433870405
1584543434070509
1584543434172926
1584543434270599
1584543434370366
1584543434470425
1584543434571450
1584543434672949
1584543434770296
1584543434870436
1584543434970285
1584543435070265
1584543435172841
1584543435270334
1584543435371168
1584543435470624
1584543435571124
1584543435672738
1584543438570172
1584543440569951
1584543441569632
1584543441671467
1584543441769416
1584543441868930
1584543441969041
1584543442069271
1584543442171312
1584543442268736
1584543442369313
1584543442469178
1584543442671150
1584543442768678
1584543442868960
1584543442969208
1584543443068575
1584543443170727
1584543443271691
1584543443368626
1584543443468522
1584543443569604
1584543443671081
1584543443868673
1584543444368650
1584543444468630
1584543444568997
1584543444670392
1584543444768476
1584543444868652
1584543444968194
1584543445068344
1584543445170349
1584543445268286
1584543445368391
1584543445468374
1584543445569043
1584543445670485
1584543447068250
1584543447669787
1584543447767870
1584543447867711
1584543448267637
1584543448367788
1584543448367788
1584543448568246
1584543448669464
1584543448767515
1584543448867544
1584543448972042
1584543449068403
1584543449169435
1584543449267783
1584543449367416
1584543449467860
1584543449568259
1584543449669110
1584543449767771
1584543449870313
1584543450067607
1584543450169589
1584543450267308
1584543450672667
1584543450767582
1584543450867303
1584543451067396
1584543451168862
1584543451267312
1584543451669054
1584543451967375
1584543452168846
1584543452269772
1584543452367606
1584543452466859
1584543452668871
1584543452766748
1584543452866922
1584543453066688
1584543453168498
1584543453266703
1584543453567284
1584543453668442
1584543453766707
1584543454066654
1584543454168464
1584543454366634
1584543454366634
1584543454668950
1584543454766329
1584543454966475
1584543455066314
1584543455168328
1584543455266554
1584543455366211
1584543455466260
1584543455567002
1584543455668270
1584543455766136
1584543455866273
1584543455968670
1584543456066316
1584543456168282
1584543456266189
1584543456366365
1584543456866199
1584543456966265
1584543457066507
1584543457168052
1584543457266219
1584543457465981
1584543457767725
1584543458865735
1584543458965677
1584543459065698
1584543459168236
1584543459265525
1584543459465649
1584543459667962
1584543459765712
1584543459865612
1584543460065742
1584543460167882
1584543460667674
1584543460765298
1584543461065207
1584543461667877
1584543462265025
1584543462364915
1584543463667012
1584543463764635
1584543465864200
1584543465964269
1584543466064438
1584543466166181
1584543466264474
1584543466364352
1584543466466716
1584543466565392
1584543466666342
1584543466764146
1584543466864127
1584543466964464
1584543467064064
1584543467166158
1584543467266727
1584543467364198
1584543467464008
1584543467564932
1584543467666037
1584543467763923
1584543467864085
1584543467963994
1584543468066906
1584543469564442
1584543470263789
1584543471563756
1584543472563537
1584543472665149
1584543472762835
1584543472862921
1584543472962963
1584543473062796
1584543473164908
1584543473262967
1584543473362883
1584543473462700
1584543473563537
1584543473665039
1584543473762726
1584543473863216
1584543473963402
1584543474462748
1584543474664522
1584543474762755
1584543474862519
1584543474965072
1584543475063204
1584543475164061
1584543475262448
1584543475362599
1584543475462441
1584543475563252
1584543475664434
1584543475962632
1584543476062460
1584543476664022
1584543476762739
1584543476863339
1584543476962186
1584543477062066
1584543477163920
1584543477562902
1584543477663782
1584543477762171
1584543477861987
1584543477962101
1584543478562566
1584543478962463
1584543479061764
1584543479562695
1584543479961927
1584543480061721
1584543480163788
1584543480261644
1584543480361442
1584543480461594
1584543480562030
1584543480663453
1584543480761564
1584543480961295
1584543481061487
1584543481361410
1584543481361410
1584543481361410
1584543481361410
1584543481361410
1584543481361410
1584543481361410
1584543481361410
1584543481361410
1584543481361410
1584543481361410
1584543481361410
1584543481361410
1584543481361410
1584543481361410
