1584543604840101
1584543604937965
1584543605037302
1584543605139348
1584543605237422
1584543605337238
1584543605437522
1584543605538240
1584543605643226
1584543605737754
1584543605937452
1584543606037416
1584543606139769
1584543606237049
1584543606337265
1584543606439417
1584543606538861
1584543606639140
1584543606737260
1584543606837061
1584543606936887
1584543607037208
1584543607139115
1584543607237076
1584543607337001
1584543607437062
1584543607537436
1584543607639169
1584543607736785
1584543607836792
1584543607936984
1584543608036719
1584543608138865
1584543608236804
1584543608336699
1584543608436737
1584543610536843
1584543610638469
1584543610736399
1584543610836378
1584543610936345
1584543611036135
1584543611138309
1584543611236360
1584543611336049
1584543612036423
1584543612138286
1584543612235802
1584543612335811
1584543612435952
1584543612539278
1584543612638563
1584543612736107
1584543612835893
1584543612936228
1584543613137765
1584543613236147
1584543613336228
1584543613435615
1584543613536987
1584543613638647
1584543613735650
1584543613835514
1584543613935676
1584543614035478
1584543614137498
1584543614235969
1584543614335878
1584543614435684
1584543614536572
1584543614637577
1584543614735649
1584543614935364
1584543614935364
1584543615035709
1584543615137522
1584543615235309
1584543615435456
1584543615535926
1584543615637446
1584543615735404
1584543615835267
1584543615935304
1584543616035319
1584543616137393
1584543616238022
1584543616435093
1584543616535743
1584543616637001
1584543616735046
1584543617136873
1584543617235421
1584543617335148
1584543617934791
1584543618034746
1584543618536348
1584543618636732
1584543619237285
1584543619334789
1584543619834393
1584543620434269
1584543620535149
1584543620734343
1584543621334398
1584543621434337
1584543621534814
1584543621635919
1584543621734482
1584543621834044
1584543622034210
1584543622139386
1584543622234467
1584543622334111
1584543622434218
1584543622534688
1584543622636439
1584543622733887
1584543622833946
1584543622934052
1584543623033781
1584543623136069
1584543623234327
1584543623333718
1584543623433694
1584543623534546
1584543623639240
1584543623735309
1584543623833909
1584543623933812
1584543624033535
1584543624136384
1584543624233578
1584543624334155
1584543625233279
1584543625333450
1584543625933388
1584543626033156
1584543626135882
1584543627635004
1584543627732961
1584543627833004
1584543627932981
1584543628033035
1584543628134906
1584543628332866
1584543628432725
1584543629032711
1584543629134592
1584543629233006
1584543629332796
1584543630732505
1584543630832548
1584543631032775
1584543631134231
1584543631234864
1584543631432349
1584543631532783
1584543631532783
1584543631932231
1584543632034485
1584543632232423
1584543632332040
1584543632431918
1584543632532748
1584543632633643
1584543632633643
1584543632832027
1584543633331735
1584543633431893
1584543633532407
1584543633633448
1584543636031275
1584543636134298
1584543636231402
1584543636331176
1584543636431526
1584543636531844
1584543636633566
1584543636731313
1584543636831568
1584543636931161
1584543637031312
1584543637133200
1584543637233661
1584543637333965
1584543637431416
1584543637532318
1584543637633264
1584543637730858
1584543638133296
1584543638231139
1584543638331245
1584543638430929
1584543638531984
1584543638633024
1584543638730739
1584543638830767
1584543638930556
1584543639030588
1584543639230698
1584543639330745
1584543639430864
1584543639534878
1584543639638157
1584543639730586
1584543639830384
1584543639930389
1584543640030532
1584543640132605
1584543640230302
1584543640330592
1584543640433437
1584543640730371
1584543640830315
1584543640930504
1584543641030436
1584543641132278
1584543641233681
1584543641330267
1584543641430089
1584543641530913
1584543641632149
1584543641730423
1584543641830373
1584543641930054
1584543642030003
1584543642132297
1584543642229960
1584543642330074
1584543642430461
1584543642530581
1584543642631993
1584543642730116
1584543642829860
1584543642929813
1584543643029974
1584543643131918
1584543643229752
1584543643329983
1584543643432318
1584543643533544
1584543643632153
1584543643729724
1584543643829682
1584543643929865
1584543644029735
1584543644131643
1584543644229741
1584543644329598
1584543644429702
1584543644530485
1584543644631507
1584543644729454
1584543644829700
1584543644929480
1584543645029713
1584543645131729
1584543645229343
1584543645329390
1584543645429788
1584543645530106
1584543645631409
1584543645729857
1584543646329618
1584543648130894
1584543648228812
1584543648634094
1584543648730295
1584543648828958
1584543649029160
1584543649029160
1584543649131401
1584543649228869
1584543649431377
1584543649431377
1584543649631260
1584543649631260
1584543649728728
1584543649928639
1584543650028483
1584543650028483
1584543650130578
1584543650228577
1584543650328409
1584543650529168
1584543650728324
1584543652431302
1584543652528613
1584543652630184
1584543653528578
1584543654629688
1584543654727701
1584543654827718
1584543654927602
1584543655027792
1584543655129505
1584543655327616
1584543655427380
1584543655528017
1584543655629551
1584543655727472
1584543655827711
1584543655927530
1584543656027197
1584543656128944
1584543656227597
1584543656528078
1584543656827687
1584543656927240
1584543657027171
1584543657129204
1584543657227490
1584543657327840
1584543657531236
1584543657727550
1584543658926863
1584543659026656
1584543659128737
1584543659226814
1584543659426566
1584543659527441
1584543659628669
1584543659726569
1584543659826739
1584543659929311
1584543660026439
1584543660129113
1584543660226620
1584543660726576
1584543660826645
1584543660926339
1584543661026644
1584543661128516
1584543661628697
1584543661726165
1584543661826085
1584543662128228
1584543662326096
1584543662628407
1584543662725909
1584543662826171
1584543662926078
1584543663029378
1584543663128401
1584543663226258
1584543663325824
1584543663426173
1584543663526451
1584543663627978
1584543663726144
1584543663828791
1584543663925932
1584543664627954
1584543664725532
1584543664825739
1584543664925982
1584543665025834
1584543665627524
1584543665725337
1584543665825475
1584543665925318
1584543666025281
1584543666130999
1584543666228004
1584543666325424
1584543666425547
1584543666525828
1584543666627212
1584543666925074
1584543667027667
1584543667130868
1584543667225209
1584543667325253
1584543667424947
1584543667525582
1584543667627171
1584543667725226
1584543667824951
1584543668126849
1584543668225078
1584543668424762
1584543668525549
1584543668626819
1584543668727279
1584543668727279
1584543668925309
1584543669024924
1584543669724778
1584543669825202
1584543671224481
1584543671324261
1584543672724427
1584543672824403
1584543673024105
1584543673024105
1584543673126303
1584543673224232
1584543673324028
1584543673426527
1584543673524523
1584543673626153
1584543673723792
1584543673823761
1584543674223874
1584543674323643
1584543674423625
1584543674923521
1584543675023507
1584543675125779
1584543676223861
1584543676323986
1584543676923324
1584543677023154
1584543677722988
1584543677823170
1584543678223162
1584543678822949
1584543678923060
1584543679023008
1584543679124723
1584543679823280
1584543679923073
1584543680022590
1584543680124776
1584543680223562
1584543680322490
1584543680422494
1584543680523273
1584543680624161
1584543680722611
1584543680822577
1584543680922458
1584543681022503
1584543681222303
1584543681322266
1584543681322266
1584543681522871
1584543681522871
1584543681624521
1584543681822107
1584543682522645
1584543682624057
1584543682821920
1584543682922130
