2.5595593452453613
2.56581449508667
2.581266164779663
2.597698211669922
2.622844934463501
2.638209104537964
2.6560893058776855
2.683368444442749
2.7055957317352295
2.72082781791687
2.8250041007995605
2.9256043434143066
3.0061800479888916
3.077331304550171
3.077331304550171
-3.1114423274993896
-3.0612995624542236
-3.0337603092193604
-3.000839948654175
-2.9699370861053467
-2.9462149143218994
-2.928051710128784
-2.9174506664276123
-2.876774549484253
-2.86612868309021
-2.8305256366729736
-2.7984213829040527
-2.7477149963378906
-2.6963744163513184
-2.6723268032073975
-2.6442244052886963
-2.511218547821045
-2.5160107612609863
-2.515531539916992
-2.5294113159179688
-2.5222115516662598
-2.532113790512085
-2.537017822265625
-2.574040412902832
-2.611875295639038
-2.6867663860321045
-2.6863338947296143
-2.7172110080718994
-2.608316421508789
-2.5820348262786865
-2.512629508972168
-2.4637436866760254
-2.427954912185669
-2.3873159885406494
-2.3752057552337646
-2.3506782054901123
-2.332780361175537
-2.307640314102173
-2.268761396408081
-2.20133638381958
-2.10060453414917
-2.0293004512786865
-1.9663934707641602
-1.8639181852340698
-1.8497514724731445
-1.84183669090271
-1.8252007961273193
-1.8062628507614136
-1.7962228059768677
-1.7883366346359253
-1.7395886182785034
-1.7320796251296997
-1.6778582334518433
-1.6030021905899048
-1.5560747385025024
-1.3499151468276978
-1.3417845964431763
-1.144468903541565
-1.0750714540481567
-0.9469044208526611
-0.9387170076370239
-0.8251497149467468
-0.8214724659919739
-0.8196989893913269
-0.6574009656906128
-0.5568994879722595
-0.48841264843940735
-0.20692820847034454
-0.193492591381073
-0.15777352452278137
-0.09069553017616272
-0.03102450631558895
0.0895782932639122
0.09956695139408112
0.09423360228538513
0.24863073229789734
0.22103984653949738
0.22190307080745697
0.2235010266304016
0.27300965785980225
0.3072534501552582
0.38712459802627563
0.39488300681114197
0.4069266617298126
0.4100618064403534
0.4196839928627014
0.43431830406188965
0.44648051261901855
0.4890609085559845
0.5314152836799622
0.568142831325531
0.5982049107551575
0.6408916115760803
0.6971665620803833
0.7719664573669434
0.8392856121063232
0.9112141728401184
1.0032163858413696
1.0357624292373657
1.344844937324524
1.3605942726135254
1.4535526037216187
1.5882619619369507
1.6033068895339966
1.7572271823883057
1.760506272315979
1.7218624353408813
1.7298099994659424
1.7362442016601562
1.7362442016601562
1.8543126583099365
1.9141298532485962
1.9484318494796753
2.0186448097229004
2.1337027549743652
2.2235589027404785
2.2994015216827393
2.363185167312622
2.4645471572875977
2.468665361404419
2.493692398071289
2.5715835094451904
2.636164903640747
2.8194093704223633
2.7931089401245117
2.7791738510131836
2.7481770515441895
2.736236095428467
2.7277355194091797
2.6189939975738525
2.613450765609741
2.5521841049194336
2.5519707202911377
2.5045106410980225
2.501357316970825
2.500856399536133
2.506465435028076
2.605452537536621
2.6124508380889893
2.625485420227051
2.6959521770477295
2.739100694656372
2.7478833198547363
2.9281060695648193
2.961411476135254
3.072246551513672
3.101849317550659
3.1025102138519287
3.10117244720459
-3.137929916381836
-3.0918962955474854
-3.051461696624756
-2.9935035705566406
-3.0304791927337646