-125.4989013671875
-125.3302230834961
-126.00494384765625
-126.00494384765625
-106.26923370361328
-106.26923370361328
-105.42582702636719
-105.42582702636719
-17.036813735961914
181.1637420654297
181.1637420654297
102.22087860107422
-90.2445068359375
-90.2445068359375
83.8346176147461
-233.62362670898438
52.122528076171875
52.122528076171875
130.0532989501953
130.0532989501953
-39.47142791748047
-39.47142791748047
-21.422527313232422
-238.68406677246094
-238.68406677246094
-202.75494384765625
-202.75494384765625
-40.31483459472656
-40.31483459472656
-84.0032958984375
-84.0032958984375
-83.49725341796875
129.71592712402344
129.71592712402344
-37.61593246459961
-37.61593246459961
-224.51483154296875
-224.51483154296875
-227.88845825195312
-227.88845825195312
-145.5719757080078
-145.5719757080078
166.6571502685547
-42.67637252807617
128.36648559570312
128.36648559570312
96.31703186035156
-56.67692184448242
-218.10494995117188
141.017578125
141.017578125
141.017578125
-46.04999923706055
-46.04999923706055
163.11483764648438
-6.0725274085998535
-6.0725274085998535
-6.0725274085998535
180.15164184570312
-65.44834899902344
155.86154174804688
175.2598876953125
175.2598876953125
-15.518681526184082
-15.518681526184082
149.45164489746094
149.45164489746094
116.22142791748047
116.72747039794922
-191.95933532714844
-191.95933532714844
146.07801818847656
146.07801818847656
192.2967071533203
195.50164794921875
89.56977844238281
-83.1598892211914
147.2587890625
170.03076171875
170.03076171875
200.5620880126953
197.6945037841797
197.6945037841797
159.7412109375
159.7412109375
194.3208770751953
194.3208770751953
163.2835235595703
0.3373626470565796
-171.38021850585938
-198.5379180908203
-198.5379180908203
-94.79890441894531
-94.79890441894531
158.39175415039062
18.7236270904541
18.7236270904541
92.94340515136719
21.591209411621094
21.591209411621094
-170.03076171875
202.41758728027344
202.41758728027344
-156.87362670898438
-211.5263671875
-210.5142822265625
58.36373519897461
-17.036813735961914
-183.5252685546875
-183.5252685546875
-207.98406982421875
-186.89889526367188
-86.36483764648438
-21.422527313232422
4.55439567565918
75.56922912597656
75.56922912597656
-44.7005500793457
-209.8395538330078
-209.8395538330078
14.00054931640625
14.00054931640625
-30.53131866455078
-30.53131866455078
-26.820329666137695
-38.2906608581543
-38.2906608581543
-168.85000610351562
-168.85000610351562
101.54615020751953
101.54615020751953
-9.783516883850098
-9.783516883850098
-10.120879173278809
-10.120879173278809
-187.0675811767578
-6.747252941131592
-19.22966957092285
-19.22966957092285
-61.400001525878906
180.65769958496094
180.65769958496094
-2.867582321166992
183.35659790039062
183.35659790039062
-201.40548706054688
-201.40548706054688
-21.928571701049805
180.99505615234375
-70.5087890625
-70.5087890625
161.25933837890625
-188.75439453125
151.8131866455078
151.8131866455078
-192.2967071533203
114.36593627929688
114.36593627929688
114.36593627929688
-221.984619140625
-241.88900756835938
-224.17747497558594
-36.097801208496094
84.17198181152344
84.17198181152344
27.326374053955078
156.1988983154297
156.1988983154297
98.67857360839844
102.38955688476562
102.38955688476562
102.8956069946289
102.8956069946289
115.88406372070312
115.88406372070312
-185.54945373535156
137.47528076171875
137.47528076171875
-32.72417449951172
-226.5390167236328
-226.5390167236328
-196.6824188232422
-211.1890106201172
-211.1890106201172
25.133516311645508
-85.015380859375
-25.30219841003418
130.89669799804688
79.11154174804688
-235.31044006347656
-235.31044006347656
-190.94725036621094
-28.33846092224121
-28.33846092224121
123.98076629638672
123.98076629638672
92.26868438720703
166.9945068359375
85.8587875366211
15.181318283081055
15.181318283081055
185.38076782226562
-12.145054817199707
24.121429443359375
24.121429443359375
176.9467010498047
-9.783516883850098
128.1977996826172
-9.783516883850098
-17.374176025390625
-0.6747252941131592
192.2967071533203
3.710988998413086
3.710988998413086
-25.80824089050293
-25.80824089050293
-165.13900756835938
-182.00714111328125
-182.00714111328125
-200.05604553222656
-200.05604553222656
153.8373565673828
-166.82582092285156
-166.82582092285156
-209.33351135253906
171.5489044189453
171.5489044189453
205.7912139892578
205.7912139892578
-213.71923828125
12.145054817199707
12.145054817199707
205.45384216308594
-173.06703186035156
-198.5379180908203
-198.5379180908203
-15.181318283081055
-15.181318283081055
195.16429138183594
-7.590659141540527
-8.602746963500977
-8.602746963500977
-19.398351669311523
-193.81483459472656
-193.81483459472656
-211.35769653320312
-18.89230728149414
-38.79670333862305
167.16319274902344
22.940658569335938
22.940658569335938
165.982421875
165.982421875
125.4989013671875
2.3615384101867676
65.95439910888672
66.62911987304688
66.62911987304688
32.38681411743164
32.38681411743164
-4.723076820373535
160.58460998535156
160.58460998535156
-13.831868171691895
-13.831868171691895
172.89834594726562
-88.22032928466797
-183.1879119873047
-183.1879119873047
75.9065933227539
75.9065933227539
136.80055236816406
-112.17308044433594
-35.591758728027344
-119.0890121459961
-119.0890121459961
110.1489028930664
110.1489028930664
-179.30824279785156
-179.30824279785156
130.0532989501953
-221.64724731445312
-221.64724731445312
157.71702575683594
-28.0010986328125
-28.0010986328125
-10.289560317993164
155.01812744140625
155.01812744140625
-226.20164489746094
-180.8263702392578
-193.9835205078125
-40.14615249633789
-235.8164825439453
189.26043701171875
137.81263732910156
-56.67692184448242
-104.41373443603516
-205.7912139892578
-205.7912139892578
-65.78571319580078
-65.78571319580078
-23.44670295715332
194.6582489013672
194.6582489013672
175.42857360839844
95.81098937988281
95.81098937988281
-182.1758270263672
-182.1758270263672
141.35494995117188
196.17637634277344
76.75
-147.09010314941406
155.69285583496094
57.18296813964844
-139.83680725097656
-139.83680725097656
-166.3197784423828
-84.67802429199219
-125.83626556396484
-46.89340591430664
-208.8274688720703
170.03076171875
170.03076171875
-59.881866455078125
-8.265384674072266
-213.2131805419922
-213.2131805419922
79.28022003173828
79.28022003173828
160.7532958984375
181.5010986328125
181.5010986328125
-30.868680953979492
-30.868680953979492
-84.8467025756836
-11.807692527770996
-11.807692527770996
-17.711538314819336
60.55659484863281
-181.5010986328125
-30.0252742767334
-30.0252742767334
-99.52198028564453
-99.52198028564453
-163.95823669433594
-74.8945083618164
-74.8945083618164
-181.8384552001953
145.74066162109375
-139.3307647705078
172.39230346679688
172.39230346679688
99.69065856933594
99.69065856933594
-213.55055236816406
-213.55055236816406
167.16319274902344
167.16319274902344
-174.41648864746094
180.489013671875
147.59616088867188
147.59616088867188
-137.9813232421875
-137.9813232421875
-185.0434112548828
158.22308349609375
-154.1747283935547
-154.1747283935547
-55.49615478515625
-55.49615478515625
188.58570861816406
-108.63076782226562
-108.63076782226562
139.49945068359375
-31.543407440185547
62.58076858520508
63.2554931640625
62.58076858520508
-254.5401153564453
-254.5401153564453
-51.61648178100586
87.54560089111328
87.54560089111328