0.11971008032560349
-0.019153613597154617
0.090979665517807
0.1604115068912506
0.1628057062625885
0.1412578970193863
0.181959331035614
0.14365209639072418
0.5722141861915588
-0.11971008032560349
0.3902548849582672
0.12928688526153564
0.5793967843055725
0.7589619159698486
0.14844051003456116
2.3032219409942627
-0.7709329128265381
0.6536170244216919
3.6942532062530518
5.758055210113525
0.24660277366638184
-0.569819986820221
1.5849615335464478
3.6391866207122803
-6.392518520355225
2.231395959854126
-3.627215623855591
-0.7206547260284424
9.842562675476074
-3.663128614425659
1.7142484188079834
-1.0510544776916504
-2.956839084625244
-4.187458515167236
3.24414324760437
2.604891300201416
3.0597896575927734
0.2513911724090576
1.4149731397628784
1.4149731397628784
0.5937620401382446
0.3471592366695404
-5.171475410461426
-4.335899353027344
5.702988147735596
4.307168960571289
2.4827871322631836
-4.529829502105713
8.60236644744873
-1.6065093278884888
3.3710360527038574
1.8363527059555054
0.545877993106842
-0.2106897532939911
0.5339069962501526
-4.2975921630859375
0.1364694982767105
3.2297780513763428
2.2242133617401123
-2.1116857528686523
1.4939818382263184
-4.6255974769592285
1.6903064250946045
-0.9265560507774353
-0.9265560507774353
-0.9265560507774353
-0.9265560507774353
-0.9265560507774353
0.14844051003456116
-3.557783603668213
-2.0015525817871094
-3.2082302570343018
-3.2082302570343018
0.9672574996948242
-4.944026470184326
1.7836802005767822
3.19865345954895
-1.0414776802062988
3.8474819660186768
-0.42377370595932007
-0.42377370595932007
1.1492167711257935
0.871489405632019
-3.3063924312591553
-1.5490484237670898
-0.24420857429504395
0.9433154463768005
-4.218583106994629
1.599326729774475
-1.525106430053711
5.224147796630859
-3.663128614425659
6.584054470062256
-1.237802267074585
2.1308395862579346
5.039794445037842
1.0462660789489746
-2.741360902786255
-0.7613561153411865
0.5051765441894531
-0.8355763554573059
2.0590133666992188
1.6639701128005981
2.779668092727661
-0.45010989904403687
5.456385612487793
-7.132326602935791
1.2928688526153564
3.754108190536499
-1.6208745241165161
2.0398597717285156
-1.8195933103561401
-1.8195933103561401
-3.5649662017822266
7.7428483963012695
-1.7836802005767822
-6.2632317543029785
-6.2632317543029785
1.3670891523361206
-1.3670891523361206
-3.5410242080688477
1.2234370708465576
-0.651222825050354
-0.651222825050354
-0.651222825050354
4.948814868927002
4.948814868927002
4.948814868927002
4.948814868927002
4.948814868927002
2.6408045291900635
2.6408045291900635
2.6408045291900635
2.6408045291900635
2.6408045291900635
2.6408045291900635
-4.745307922363281
-7.015010833740234
-0.6655880808830261
-1.50355863571167
1.86508309841156
3.023876667022705
4.575319290161133
-6.981492042541504
-3.9624037742614746
1.4101847410202026
0.8355763554573059
3.3686418533325195
-3.5266590118408203
7.469909191131592
3.2537200450897217
-4.400542736053467
3.450044631958008
-6.718129634857178
-1.359906554222107
-2.96162748336792
1.6136919260025024
-6.27280855178833
-6.27280855178833
1.7070658206939697
2.3056161403656006
-3.3231518268585205
-0.8834604024887085
-0.5865793824195862
-0.7996633648872375
1.4652514457702637
3.4165258407592773
-0.31124621629714966
-5.202600002288818
0.9648632407188416
2.078166961669922
-4.32871675491333
-3.531447410583496
2.1068973541259766
5.39174222946167
4.639962673187256
-2.9975404739379883
-7.015010833740234
-1.9536685943603516
-5.099649429321289
1.1492167711257935
-0.7469909191131592
4.039018154144287
-0.569819986820221
-1.0271124839782715
-1.7142484188079834
-4.321534156799316
1.1420341730117798
2.0183119773864746
5.669469356536865
5.097255229949951
0.21308395266532898
0.7805097699165344
0.7805097699165344
6.469132900238037
-5.360617637634277
4.307168960571289
-0.4668693244457245
-2.492363929748535
5.43723201751709
5.43723201751709
1.9608511924743652
1.9608511924743652
-0.9744400978088379
-3.155557870864868
-5.21217679977417
-2.4372973442077637
-1.2330138683319092
2.0207061767578125
2.2218191623687744
2.2218191623687744
3.1435868740081787
4.034229755401611
-2.3127987384796143
-2.7988216876983643
-7.419631004333496
2.0614075660705566
-1.3694833517074585
3.9887399673461914
8.24084186553955
-1.9129670858383179
-2.3726539611816406
-1.3239935636520386
0.3711012601852417
-1.6831237077713013
-3.4979286193847656
-2.959233283996582
1.7046716213226318
-1.6950948238372803
4.335899353027344
5.286397457122803
3.7660791873931885
-4.230554103851318
-2.0805611610412598
-3.845087766647339
0.08140285313129425
5.07570743560791
-8.068459510803223
-8.741230010986328
-1.3479355573654175
-2.4181437492370605
-0.9265560507774353
-1.723825216293335
0.035913024097681046
-4.955997467041016
1.4389152526855469
2.4396915435791016
0.45489832758903503
-4.7620673179626465
-2.844311475753784
0.4405331015586853
9.287108421325684
-1.182735562324524
3.914519786834717
5.803544998168945
2.027888774871826
2.516305923461914
1.0103530883789062
1.0103530883789062
1.0103530883789062
1.9967641830444336
5.549759387969971
-0.2346317619085312
3.002328872680664
1.4676456451416016
2.0638017654418945
-0.3208230137825012
-2.2361843585968018
4.292803764343262
0.6105214357376099
-9.093177795410156
-1.8579005002975464
-0.416591078042984
-0.05746084079146385
3.095702648162842
1.1875240802764893
6.44279670715332
1.6759411096572876
4.683058261871338
1.6903064250946045
-0.667982280254364
-2.7317841053009033
-1.908178687095642
-0.8068459630012512
-0.8978255987167358
-3.9839515686035156
7.070077419281006
-4.2281599044799805
7.611166954040527
1.3742717504501343
-2.1284453868865967
0.16759411990642548
1.2761094570159912
5.841852188110352
-2.4612393379211426
5.195417404174805
3.351882219314575
0.12928688526153564
-0.8738836050033569
-1.929726481437683
2.183511972427368
4.572925090789795
4.046200752258301
-3.19865345954895
-0.8475474119186401
4.551377296447754
0.8834604024887085
-1.113303780555725
2.276885747909546
0.002394201699644327
3.404554843902588
-4.259284973144531
-1.9009960889816284
2.434903144836426
0.42856210470199585
-2.695871114730835
10.63743782043457
7.879317760467529
3.8474819660186768
-2.1571757793426514
2.9041666984558105
2.779668092727661
6.275202751159668
3.1914708614349365
4.110844135284424
3.0861258506774902
0.9528922438621521
5.96874475479126
-0.7852981686592102
1.3910311460494995
1.3910311460494995
1.3910311460494995
2.43011474609375
2.43011474609375
2.80361008644104
-6.141127109527588
-6.141127109527588
6.766014099121094
-0.08140285313129425
0.026336219161748886
-1.843535304069519
3.9049429893493652
-0.05027823522686958
-1.2258312702178955
-1.0079588890075684
-3.892971992492676
4.3191399574279785
4.134786128997803
0.569819986820221
5.525817394256592
-1.8818424940109253
-0.7829039692878723
3.0526070594787598
-5.348646640777588
1.6855180263519287
-6.294356346130371
-1.9129670858383179
-0.9241618514060974
0.21547815203666687
3.77565598487854
0.6129156351089478
-0.569819986820221
-4.1826701164245605
0.5386953949928284
6.406883716583252
4.819528102874756
2.9233202934265137
5.128379821777344
6.70376443862915
1.3670891523361206
0.5985504388809204
-1.1563993692398071
-2.5737667083740234
-0.4668693244457245
3.0166940689086914
1.237802267074585
2.691082715988159
-0.18914192914962769
-0.18914192914962769
0.021547814831137657
-1.6376339197158813
3.00711727142334
-0.28969839215278625
1.2641384601593018
-0.3208230137825012