2.8094482421875
2.807469367980957
2.805476427078247
2.8133492469787598
2.8240344524383545
2.8554866313934326
2.8720743656158447
2.878598690032959
2.876708984375
2.8668746948242188
2.8669521808624268
2.8631443977355957
2.875389814376831
2.891117811203003
2.890859603881836
2.891301393508911
2.8902158737182617
2.8928797245025635
2.9002015590667725
2.9228875637054443
2.9742484092712402
2.989942789077759
3.0190088748931885
3.042269468307495
3.0829312801361084
3.0888097286224365
3.113863229751587
3.1304373741149902
-3.1348109245300293
-3.1207306385040283
-3.1039328575134277
-3.0782971382141113
-3.0434656143188477
-3.0114381313323975
-3.0114381313323975
-2.9427199363708496
-2.938114881515503
-2.942697048187256
-2.94616961479187
-2.951179265975952
-2.969437837600708
-2.969437837600708
-3.0527503490448
-3.0974652767181396
-3.136823892593384
3.0836000442504883
3.0836000442504883
3.0845823287963867
3.0857858657836914
3.1024014949798584
3.1296143531799316
-3.1355419158935547
-3.113719940185547
-3.0964715480804443
-3.074092388153076
-3.0628268718719482
-3.042581796646118
-3.021339178085327
-3.0056707859039307
-2.992840528488159
-2.9706664085388184
-2.9661335945129395
-2.930952787399292
-2.924945116043091
-2.901219367980957
-2.8811094760894775
-2.8610877990722656
-2.8447163105010986
-2.826535701751709
-2.78426456451416
-2.7598719596862793
-2.724437713623047
-2.7170746326446533
-2.6893606185913086
-2.663254976272583
-2.635742425918579
-2.613048791885376
-2.576683759689331
-2.523280382156372
-2.4966115951538086
-2.48051118850708
-2.4797887802124023
-2.4745845794677734
-2.453930616378784
-2.443948745727539
-2.3710265159606934
-2.355415105819702
-2.2801194190979004
-2.1891868114471436
-2.1102817058563232
-1.9979075193405151
-1.9977397918701172
-2.004519462585449
-2.1209778785705566
-2.123777389526367
-2.114905595779419
-2.1151676177978516
-2.2135674953460693
-2.223134756088257
-2.1009745597839355
-2.168250560760498
-2.1786835193634033
-2.1707026958465576
-2.1191158294677734
-2.123278856277466
-2.118544578552246
-2.0956404209136963
-2.0676634311676025
-2.038395643234253
-2.019249439239502
-1.9852421283721924
-1.979153037071228
-2.0177433490753174
-2.0347909927368164
-2.035900592803955
-2.0259246826171875
-1.9983298778533936
-1.9949642419815063
-1.9646962881088257
-1.9470980167388916
-1.9434887170791626
-1.9195748567581177
-1.8928053379058838
-1.8787660598754883
-1.8682305812835693
-1.858546257019043
-1.8343876600265503
-1.830599308013916
-1.8110753297805786
-1.7938870191574097
-1.7618680000305176
-1.7575700283050537
-1.7391177415847778
-1.6930350065231323
-1.6979972124099731
-1.6722923517227173
-1.678271770477295
-1.6727705001831055
-1.6614910364151
-1.6668719053268433
-1.67128586769104
-1.666441559791565
-1.6656357049942017
-1.6592527627944946
-1.6564375162124634
-1.6564375162124634
-1.64285147190094
-1.6457679271697998
-1.650489091873169
-1.661897897720337
-1.8173590898513794
-1.8228340148925781
-1.8302268981933594
-1.8391858339309692
-1.8432621955871582
-1.8332719802856445
-1.8271008729934692
-1.7854299545288086
-1.671582579612732
-1.6655840873718262
-1.6047160625457764
-1.6001124382019043
-1.5894038677215576
-1.5462228059768677
-1.4949021339416504
-1.4323354959487915
-1.4111160039901733
-1.2757195234298706
-1.2784897089004517
-1.2735779285430908
-1.229892611503601
-1.2069706916809082
-1.2086763381958008
-1.2050986289978027
-1.185609221458435
-1.1646627187728882
-1.1468628644943237
-1.113755464553833
-1.0717357397079468
-1.0153123140335083
-0.9750860929489136
-0.9477291703224182
-0.9182989597320557
-0.8894701600074768
-0.8680732250213623
-0.8382366299629211
-0.8087627291679382
-0.769322395324707
-0.769322395324707
-0.6885716319084167
-0.6945807933807373
-0.7005571722984314
-0.7005766034126282
-0.6731444597244263
-0.6709506511688232
-0.6407780647277832
-0.6219735741615295
-0.5968785285949707
-0.5968785285949707
-0.582610547542572
-0.568271815776825
-0.5716226696968079
-0.616827130317688
-0.6592798829078674
-0.6797553896903992
-0.7302432060241699
-0.7681092023849487
-0.8325066566467285
-0.8492431640625
-0.8492431640625
-0.8859938383102417
-0.8981937170028687
-0.9607893228530884
-0.9728606939315796
-0.9938250780105591
-0.9978289008140564
-0.9957363605499268
-0.9902492761611938
-0.9795033931732178
-0.9681052565574646
-0.9655290842056274
-0.9545510411262512
-0.9433199167251587
-0.9420954585075378
-0.923534095287323
-0.8909977078437805
-0.865309476852417
-0.8230690360069275
-0.8161956667900085
-0.7736295461654663
-0.748569130897522
-0.7187322974205017
-0.700253427028656
-0.6840537190437317
-0.6764060854911804
-0.6535806655883789
-0.6374941468238831
-0.6256205439567566
-0.6002546548843384
-0.5810919404029846
-0.5635098814964294
-0.5465838313102722
-0.5272670388221741
-0.5127255320549011
-0.49441656470298767
-0.4726600646972656
-0.4501606523990631
-0.43070849776268005
-0.41180121898651123
-0.39594611525535583
-0.374460905790329
-0.3622279167175293
-0.3449476361274719
-0.32939475774765015
-0.31122544407844543
-0.28161317110061646
-0.2518409192562103
-0.2249138057231903
-0.19727957248687744
-0.17150111496448517
-0.14023549854755402
-0.10812821984291077
-0.0916331559419632
-0.15963375568389893
-0.15835608541965485
-0.15673476457595825
-0.13864116370677948
-0.1393534541130066
-0.13892750442028046
-0.1168496236205101
-0.11157476156949997
-0.09266902506351471
-0.06699366122484207
-0.039977941662073135
-0.023421606048941612
-0.0009885207982733846
0.02337496168911457
0.07905641198158264
0.09290163218975067
0.14943277835845947
0.2414277195930481
0.2897518277168274
0.3790704309940338
0.47227516770362854
0.4914608895778656
0.6405841708183289
0.516110360622406
0.5102370381355286
0.5267983675003052
0.6918849945068359
0.5623571872711182
0.5470187664031982
0.5521047711372375
0.6064761877059937
0.6678643822669983
0.6678643822669983
0.8075920939445496
0.819107711315155
0.801697850227356
0.7441978454589844
0.744255006313324
0.7904797792434692
0.8769424557685852
0.8769424557685852
0.9246534109115601
0.977550208568573
1.129216194152832
1.136958360671997
1.1201776266098022
1.1179094314575195
1.1177550554275513
1.1271252632141113
1.1917823553085327
1.2666674852371216
1.264628529548645
1.1081972122192383
1.0977269411087036
1.1111760139465332
1.1339300870895386
1.1539252996444702
1.1859710216522217
1.2065144777297974
1.2268619537353516
1.2641181945800781
1.3225277662277222
1.3835477828979492
1.4301807880401611
1.4724838733673096
1.5274416208267212
1.5233755111694336
1.5546494722366333
1.6153308153152466
1.6489862203598022
1.81719172000885
1.815302848815918
1.844920039176941
1.9563084840774536
1.954497218132019
1.8829669952392578
1.8772432804107666
1.8665618896484375
1.8665618896484375
1.8192417621612549
1.7870210409164429
1.7591793537139893
1.7434591054916382
1.725939393043518
1.721505045890808
1.7072763442993164
1.6752111911773682
1.6432056427001953
1.6172387599945068
1.5213027000427246
1.511395812034607
1.539549708366394
1.589587688446045
1.6537383794784546
1.7284268140792847
1.7164020538330078
1.7527575492858887
1.7941569089889526
1.837086796760559
1.8517212867736816
1.8504328727722168
1.8507057428359985
1.8619112968444824
1.8719043731689453
1.9396518468856812
1.9894216060638428
1.981856346130371
1.9720804691314697
1.9726660251617432
1.9844337701797485
2.0006325244903564
2.0263662338256836
2.0625436305999756
2.096611738204956
2.109881639480591
2.1608293056488037
2.155857563018799
2.1515419483184814
2.1754322052001953
2.2206835746765137
2.2622740268707275
2.308854103088379
2.3667471408843994
2.406437635421753
2.2694220542907715
2.258284091949463
2.2305843830108643
2.2305843830108643
2.166022777557373
2.1571686267852783
2.1619298458099365
2.173168420791626
2.173943519592285
2.189497947692871
2.227466106414795
2.2601852416992188
2.302452325820923
2.336484909057617
2.3724164962768555
2.3836748600006104
2.504908800125122
2.5044848918914795
2.5377869606018066
2.6114907264709473
2.6094236373901367
2.6278576850891113
2.6555631160736084
2.652733325958252
2.6391377449035645
2.6304867267608643
2.654961585998535
2.651632308959961
2.5321156978607178
2.3922221660614014
2.3757357597351074
2.3915762901306152
2.4269859790802
2.4659106731414795
2.4494481086730957
2.444155693054199
2.4708826541900635
2.5104916095733643
2.559209108352661
2.570565700531006
2.6272647380828857
2.6922354698181152
2.716975688934326
2.732501983642578
2.757586717605591
2.760601043701172
2.7841129302978516
2.8290748596191406
2.8496975898742676
2.8541982173919678
2.8893985748291016
2.9206314086914062
2.9404661655426025
2.946967601776123
2.9414708614349365
2.935175657272339
2.9405834674835205