-3.9671921730041504
2.051830768585205
0.5051765441894531
2.9233202934265137
-2.231395959854126
-0.31842881441116333
0.1867477297782898
2.719813108444214
-1.5945383310317993
1.546654224395752
1.8267759084701538
0.19632454216480255
0.29448679089546204
1.9273322820663452
-8.149862289428711
-2.6360161304473877
2.578555107116699
0.5961562395095825
-4.448426723480225
2.4157495498657227
2.1787235736846924
-6.066906929016113
-1.434126853942871
0.06224924325942993
-5.942408561706543
1.216254472732544
0.569819986820221
4.508281707763672
-1.1516109704971313
-1.1516109704971313
1.668758511543274
-5.0685248374938965
0.3232172131538391
-3.3638532161712646
-3.3638532161712646
-7.510610580444336
-2.827552080154419
-1.6089035272598267
2.784456491470337
0.5841851830482483
-2.7054479122161865
3.404554843902588
-4.278438568115234
-0.8451532125473022
5.880159378051758
-3.6104559898376465
5.870582580566406
0.7972691655158997
-4.733336448669434
7.192181587219238
-2.7269957065582275
3.5386300086975098
-3.6798880100250244
6.9910688400268555
0.5722141861915588
1.8195933103561401
-0.028730420395731926
3.1196448802948
-2.032677173614502
2.255337953567505
3.2393548488616943
2.209848165512085
0.24181437492370605
-8.7268648147583
-4.7405195236206055
-3.4093432426452637
-6.2153472900390625
-5.310339450836182
-2.229001760482788
-3.9193081855773926
-1.965639591217041
5.173869609832764
-5.628767967224121
0.8978255987167358
8.111555099487305
-0.36152446269989014
0.6655880808830261
6.186616897583008
-2.5977087020874023
-2.3535001277923584
-1.4772224426269531
-4.022258758544922
3.2752678394317627
4.036623954772949
1.1252747774124146
3.4141316413879395
4.793191909790039
5.118803024291992
4.268861770629883
5.702988147735596
4.199429512023926
1.2545616626739502
-2.3558943271636963
-2.3247697353363037
0.667982280254364
-1.3838485479354858
-1.3838485479354858
0.8403647541999817
0.8403647541999817
-2.535459518432617
2.6671407222747803
6.921637058258057
6.921637058258057
-0.3280056416988373
1.2234370708465576
1.2234370708465576
-2.3080103397369385
-2.3080103397369385
-4.031835556030273
-0.8643068075180054
0.19153612852096558
0.2585737705230713
-1.3311761617660522
1.6974890232086182
0.8164227604866028
7.544129371643066
0.15322890877723694
-0.24899697303771973
-0.3687070608139038
3.308786630630493
3.308786630630493
3.141192674636841
-0.833182156085968
0.7996633648872375
-3.0310592651367188
-1.4700398445129395
1.7477672100067139
-2.432508945465088
0.7781155109405518
-0.7685387134552002
-0.12449848651885986
-2.032677173614502
0.9648632407188416
3.5649662017822266
1.3838485479354858
5.87776517868042
4.055777549743652
2.5019407272338867
0.9169792532920837
1.1516109704971313
-0.40940847992897034
-1.1444283723831177
-9.859322547912598
5.085284233093262
6.200982093811035
3.713406801223755
1.0797849893569946
-2.513911724090576
-2.097320556640625
-3.4165258407592773
7.611166954040527
2.8802247047424316
2.231395959854126
1.6208745241165161
2.255337953567505
2.456450939178467
4.314351558685303
-2.099714756011963
4.086902141571045
0.38067805767059326
1.2401964664459229
-5.540182590484619
-5.540182590484619
-5.540182590484619
-0.5243301391601562
4.113238334655762
4.113238334655762
-3.1699230670928955
-4.704606056213379
2.169146776199341
6.296750545501709
-4.508281707763672
2.229001760482788
-4.027047157287598
-3.866635799407959
-0.49799394607543945
-0.49799394607543945
-1.1971008777618408
-1.4437036514282227
4.817133903503418
1.8531121015548706
1.8531121015548706
-2.786850690841675
1.7477672100067139
1.7477672100067139
1.1563993692398071
2.6862943172454834
-1.6496049165725708
-1.6496049165725708
-0.6727706789970398
-1.7381904125213623
-2.425326347351074
0.038307227194309235
0.038307227194309235
-6.196193695068359
-3.3016040325164795
-1.2617442607879639
-2.693476915359497
-2.693476915359497
6.684610843658447
6.610390663146973
3.8139631748199463
1.5658079385757446
-6.354211330413818
-6.763619899749756
-4.015076160430908
-0.38546645641326904
-2.4684219360351562
-0.2992752194404602
-0.6655880808830261
-4.137180328369141
4.613626480102539
-2.427720546722412
1.6639701128005981
1.968033790588379
1.3766659498214722
5.104437828063965
5.647921562194824
4.553771495819092
-0.15322890877723694
-0.15322890877723694
4.5394062995910645
2.252943754196167
1.1994950771331787
-1.422155737876892
4.702211856842041
3.9432501792907715
-1.9512743949890137
4.4508209228515625
4.4508209228515625
-4.098873138427734
8.303091049194336
2.0877437591552734
-0.9983820915222168
-5.355829238891602
0.7398083209991455
2.1475989818573
0.4692635238170624
2.406172752380371
-5.432443618774414
-1.4077905416488647
1.5514426231384277
-0.7948749661445618
2.27209734916687
6.478709697723389
4.400542736053467
7.807491779327393
8.62391471862793
-0.9193734526634216
3.8283283710479736
3.423708438873291
-0.3519476354122162
0.08379705995321274
3.971980571746826
-2.6623523235321045
-0.33518823981285095
3.845087766647339
5.173869609832764
3.9647979736328125
-1.7070658206939697
1.501164436340332
5.16668701171875
5.743690013885498
-1.6112977266311646
-5.12119722366333
-3.33512282371521
0.38546645641326904
-5.142745018005371
1.6927006244659424
-5.736507415771484
-5.736507415771484
0.9050082564353943
3.3734302520751953
0.9840168952941895
3.4356794357299805
1.0845733880996704
1.7693150043487549
0.5267243385314941
-6.260837554931641
-1.7094600200653076
-3.064578056335449
7.82185697555542
-3.272873640060425
6.107608318328857
-3.931279182434082
-2.298433542251587
-5.7077765464782715
-0.7469909191131592
-4.137180328369141
3.088520050048828
-0.6033388376235962
-0.6033388376235962
5.04218864440918
5.04218864440918
5.04218864440918
-3.1507694721221924
1.0486602783203125
-2.6431987285614014
-6.445190906524658
5.104437828063965
6.655880451202393
-2.276885747909546
7.1658453941345215
-2.542642116546631
-5.688622951507568
-5.688622951507568
-1.6208745241165161
-0.9385270476341248
-0.20111294090747833
-3.6535518169403076
-7.082048416137695
-2.1763293743133545
4.5154643058776855
-2.248155355453491
-5.303156852722168
-0.05985504016280174
-2.671929121017456
1.6950948238372803
3.1004910469055176
-2.786850690841675
6.955155849456787
1.8962076902389526
4.718971252441406
4.620809078216553
2.3127987384796143
4.63517427444458
3.043030261993408
6.445190906524658
4.218583106994629
2.978386878967285
6.40927791595459
3.5913023948669434
1.2473790645599365
3.9432501792907715
3.7612907886505127
0.4668693244457245
-2.892195701599121
-1.8004395961761475
1.6208745241165161
2.056619167327881
-3.406949043273926
1.6567875146865845
-1.9369091987609863
-3.3423054218292236
-3.045424461364746
-1.7980453968048096
-1.2976572513580322
-4.304774761199951
4.754884719848633
-4.888959884643555
-3.93367338180542
-0.7613561153411865
-3.4117374420166016
-1.987187385559082
1.015141487121582
0.35673603415489197
0.3734954595565796
6.354211330413818
0.395043283700943
2.6240451335906982
-1.1635819673538208
-4.4532151222229
9.239224433898926
0.22266075015068054
-9.873687744140625
-1.2018892765045166
-2.0398597717285156
2.6886885166168213
-8.169015884399414
1.1276689767837524
7.582436561584473
7.582436561584473
2.6431987285614014
2.6431987285614014
0.3519476354122162
0.3519476354122162
5.063736438751221
5.063736438751221
1.256955862045288
-0.9217676520347595
4.817133903503418
4.817133903503418
-5.432443618774414
-5.432443618774414
-1.5634137392044067
-1.5634137392044067
-1.5634137392044067
6.8162922859191895
6.8162922859191895
6.605602264404297
-6.270414352416992
-1.1635819673538208
1.4125789403915405
6.021417140960693
-5.018246650695801
0.3423708379268646
-5.018246650695801
2.27209734916687
-1.1707645654678345
0.14844051003456116
0.6368576288223267
0.43335050344467163
2.315192937850952
1.3000514507293701
-0.023942016065120697
3.2800562381744385
10.04846477508545
10.04846477508545
1.6304513216018677
2.671929121017456
2.47560453414917
-1.8507179021835327
-1.1061211824417114
-2.097320556640625
-4.199429512023926
2.762908697128296
-2.7533318996429443
-2.0374655723571777
-2.207453966140747
-2.5713725090026855
0.2106897532939911
-4.843470096588135
5.243301868438721
-4.211400508880615
-1.137245774269104
4.469974517822266
-3.021482467651367
-1.0797849893569946
-5.74129581451416
0.3471592366695404
-1.036689281463623
7.987056732177734
-2.8395230770111084
-3.4548330307006836
-2.051830768585205
-6.7923502922058105
-5.521028995513916
5.477933406829834
-6.897695064544678
-2.964021682739258
1.7764976024627686
1.335964560508728
-9.23443603515625
22.943634033203125