198.87527465820312
198.87527465820312
184.70603942871094
-169.6934051513672
-169.6934051513672
26.482967376708984
26.482967376708984
204.2730712890625
204.2730712890625
-115.71538543701172
201.06813049316406
201.06813049316406
-212.2010955810547
-212.2010955810547
117.23351287841797
71.18351745605469
71.18351745605469
167.83790588378906
-19.904396057128906
-19.904396057128906
171.04286193847656
171.04286193847656
42.67637252807617
182.85055541992188
-52.29121017456055
-52.29121017456055
-80.62966918945312
-20.91648292541504
-20.91648292541504
170.36813354492188
170.36813354492188
-12.313735961914062
59.881866455078125
130.72802734375
-36.94120788574219
-36.94120788574219
-201.9115447998047
-21.759889602661133
158.7291259765625
-181.33241271972656
-217.59890747070312
-217.59890747070312
184.0313262939453
-13.157142639160156
-13.157142639160156
-104.41373443603516
183.01922607421875
35.591758728027344
35.591758728027344
184.0313262939453
-195.50164794921875
-219.79176330566406
189.59780883789062
-11.63901138305664
-11.63901138305664
176.77801513671875
-189.26043701171875
-228.39450073242188
-228.39450073242188
172.72967529296875
170.19944763183594
170.19944763183594
146.75274658203125
-17.205493927001953
-17.205493927001953
175.59725952148438
-24.121429443359375
-178.46482849121094
163.11483764648438
174.247802734375
-44.02582550048828
-143.5478057861328
-143.5478057861328
169.86209106445312
169.86209106445312
-57.014286041259766
-208.32142639160156
-208.32142639160156
-213.0445098876953
157.37966918945312
-28.507143020629883
-28.507143020629883
-216.7554931640625
-9.277472496032715
-9.277472496032715
-44.19450378417969
-44.19450378417969
-209.1648406982422
-248.63626098632812
-248.63626098632812
-48.7489013671875
114.53461456298828
-44.869232177734375
-44.869232177734375
-205.28517150878906
171.7175750732422
171.7175750732422
103.57032775878906
-27.66373634338379
-233.9609832763672
-233.9609832763672
-152.15054321289062
-152.15054321289062
133.0895538330078
-99.52198028564453
-99.52198028564453
-99.52198028564453
-212.70713806152344
109.13681030273438
-38.4593391418457
-38.4593391418457
-217.0928497314453
-24.627471923828125
148.60824584960938
-18.55494499206543
-186.0554962158203
-186.0554962158203
152.4879150390625
152.4879150390625
-226.87637329101562
-226.87637329101562
-30.868680953979492
182.34451293945312
182.34451293945312
-217.767578125
46.72472381591797
46.72472381591797
-17.711538314819336
171.5489044189453
171.5489044189453
-209.8395538330078
-98.3412094116211
-98.3412094116211
-53.47197723388672
-53.47197723388672
153.66868591308594
153.66868591308594
-13.325823783874512
166.6571502685547
-205.9598846435547
-205.9598846435547
-43.351097106933594
153.5
170.36813354492188
175.76593017578125
175.76593017578125
-21.08516502380371
162.10275268554688
162.10275268554688
186.22418212890625
-204.10440063476562
-204.10440063476562
-36.772525787353516
-221.3098907470703
-213.2131805419922
194.99560546875
-9.10879135131836
-9.10879135131836
-76.24395751953125
-190.778564453125
-190.778564453125
152.31922912597656
155.86154174804688
155.86154174804688
4.385714054107666
167.50054931640625
167.50054931640625
-13.831868171691895
-131.0653839111328
-131.0653839111328
6.747252941131592
-161.25933837890625
-161.25933837890625
158.0543975830078
52.7972526550293
52.7972526550293
-201.23681640625
174.247802734375
-165.13900756835938
71.3521957397461
71.3521957397461
22.097251892089844
22.097251892089844
151.98187255859375
151.98187255859375
-31.712087631225586
-31.712087631225586
71.01483154296875
-204.2730712890625
-204.2730712890625
-13.663187026977539
-13.663187026977539
-242.90109252929688
-242.90109252929688
-38.2906608581543
-38.2906608581543
165.64505004882812
165.64505004882812
-53.47197723388672
171.04286193847656
171.04286193847656
-36.43516540527344
-229.5752716064453
-229.5752716064453
2.0241758823394775
-227.04505920410156
-227.04505920410156
-9.277472496032715
-23.615385055541992
-169.0186767578125
-169.0186767578125
-188.4170379638672
134.94505310058594
-219.96043395996094
162.94615173339844
162.94615173339844
-176.27197265625
137.13790893554688
137.13790893554688
-234.29835510253906
11.470329284667969
11.470329284667969
172.2236328125
-178.63351440429688
-178.63351440429688
-23.10934066772461
-95.47362518310547
-222.15328979492188
-222.15328979492188
161.25933837890625
-25.63956069946289
-25.63956069946289
-218.4423065185547
-32.38681411743164
-254.87747192382812
-254.87747192382812
162.4401092529297
162.4401092529297
160.0785675048828
160.0785675048828
164.2956085205078
121.95659637451172
121.95659637451172
120.43846130371094
-42.00164794921875
-42.00164794921875
114.70330047607422
145.40328979492188
145.40328979492188
-10.120879173278809
-10.120879173278809
-238.68406677246094
-238.68406677246094
-64.60494232177734
-64.60494232177734
-64.60494232177734
-33.398902893066406
-33.398902893066406
-33.398902893066406
125.4989013671875
-119.76373291015625
-119.76373291015625
158.7291259765625
159.23516845703125
-207.64669799804688
-207.64669799804688
-18.7236270904541
-20.91648292541504
-20.91648292541504
1.3494505882263184
1.3494505882263184
120.43846130371094
131.7401123046875
131.7401123046875
146.2467041015625
-228.5631866455078
-228.5631866455078
168.6813201904297
169.6934051513672
169.6934051513672
167.50054931640625
167.50054931640625
-233.7923126220703
-230.25
-230.25
-196.51373291015625
176.27197265625
3.373626470565796
140.17417907714844
140.17417907714844
-172.2236328125
-66.12307739257812
-81.13571166992188
126.84835052490234
126.84835052490234
92.0999984741211
-162.27142333984375
28.0010986328125
-138.3186798095703
-159.23516845703125
-21.759889602661133
178.63351440429688
112.34175872802734
-10.45824146270752
-215.91209411621094
-10.795604705810547
-1.1807692050933838
192.2967071533203
192.2967071533203
-16.36208724975586
34.91703414916992
-177.9587860107422
-177.9587860107422
-209.67088317871094
201.74285888671875
201.74285888671875
175.76593017578125
175.76593017578125
-218.4423065185547
-189.4291229248047
207.8153839111328
145.74066162109375
145.74066162109375
204.61044311523438
-9.783516883850098
-9.783516883850098
-1.5181318521499634
-91.76263427734375
-91.76263427734375
-187.7423095703125
-156.03021240234375
-196.51373291015625
-196.51373291015625
190.778564453125
219.2857208251953
219.2857208251953
-216.24945068359375
-182.34451293945312
-23.615385055541992
-191.62197875976562
-191.62197875976562
9.10879135131836
161.93406677246094
172.05494689941406
90.4131851196289
90.4131851196289
-4.048351764678955
-2.867582321166992
-2.867582321166992
-2.867582321166992
95.47362518310547
-35.42307662963867
92.43736267089844
92.43736267089844
-169.35604858398438
168.17527770996094
169.6934051513672
-200.05604553222656
-75.06318664550781
172.5609893798828
-114.02857208251953
172.05494689941406
-199.38131713867188
-210.34561157226562
149.28297424316406
149.28297424316406
26.145605087280273
166.3197784423828
-182.85055541992188
-182.85055541992188
-222.82801818847656
-44.19450378417969
-44.19450378417969
-44.19450378417969
169.18736267089844
-199.38131713867188
-22.603296279907227
-22.603296279907227
-208.15274047851562
169.0186767578125
169.0186767578125
-150.29505920410156
-33.736263275146484
-33.736263275146484
-168.51263427734375
113.52252960205078
-199.38131713867188
-199.38131713867188
120.94450378417969
120.94450378417969
-211.5263671875
-211.5263671875
-228.05714416503906
-167.83790588378906
-167.83790588378906
-198.7065887451172
-32.72417449951172
188.58570861816406
-16.699451446533203
148.43955993652344
-186.56153869628906
-223.50274658203125
199.21263122558594
-210.34561157226562
-210.34561157226562
10.795604705810547
10.795604705810547
-34.410987854003906
-34.410987854003906
138.993408203125
59.54450607299805
59.54450607299805
166.48846435546875
166.48846435546875
-46.38736343383789
34.91703414916992
34.91703414916992
34.91703414916992
-88.89505767822266
-178.46482849121094
-178.46482849121094
-105.08846282958984
156.1988983154297
156.1988983154297
149.11428833007812
57.18296813964844
57.18296813964844
17.374176025390625
17.374176025390625
31.374725341796875