9.783516883850098
9.783516883850098
224.85220336914062
224.85220336914062
-201.40548706054688
-201.40548706054688
-123.47472381591797
-123.47472381591797
-191.79066467285156
-191.79066467285156
4.048351764678955
136.2945098876953
136.2945098876953
-207.14065551757812
93.44944763183594
93.44944763183594
-167.6692352294922
-167.6692352294922
188.58570861816406
188.58570861816406
84.34066009521484
84.34066009521484
-216.92417907714844
-226.03297424316406
-226.03297424316406
13.831868171691895
-27.157691955566406
-164.80165100097656
-224.17747497558594
-12.145054817199707
-25.30219841003418
-230.75604248046875
136.80055236816406
136.80055236816406
29.687911987304688
-195.3329620361328
0.6747252941131592
30.868680953979492
30.868680953979492
179.98297119140625
-168.17527770996094
146.5840606689453
-26.482967376708984
161.765380859375
131.57142639160156
128.53517150878906
128.53517150878906
-51.44780349731445
-45.71263885498047
-45.71263885498047
-163.4521942138672
61.56867980957031
61.56867980957031
48.91758346557617
-225.6956024169922
173.9104461669922
173.9104461669922
143.04176330566406
140.17417907714844
182.85055541992188
182.85055541992188
-229.74395751953125
-29.181867599487305
-29.181867599487305
-234.97308349609375
140.6802215576172
140.6802215576172
173.9104461669922
-236.32252502441406
-236.32252502441406
145.234619140625
145.234619140625
-228.39450073242188
173.74176025390625
-211.86373901367188
-211.86373901367188
177.9587860107422
177.9587860107422
145.40328979492188
145.40328979492188
-29.85659408569336
-19.735713958740234
-208.32142639160156
-23.952747344970703
-23.952747344970703
183.86264038085938
-201.06813049316406
181.66978454589844
105.76318359375
-16.02472496032715
191.11593627929688
-8.434065818786621
-8.434065818786621
-128.36648559570312
195.3329620361328
195.3329620361328
146.5840606689453
139.16209411621094
139.16209411621094
-12.482417106628418
162.27142333984375
-27.83241844177246
-27.83241844177246
-18.7236270904541
-36.60384750366211
169.86209106445312
-37.61593246459961
-37.61593246459961
189.59780883789062
-111.1609878540039
207.14065551757812
207.14065551757812
-159.40383911132812
160.58460998535156
25.133516311645508
13.494505882263184
-205.9598846435547
-160.24725341796875
-160.24725341796875
-210.5142822265625
199.38131713867188
132.24615478515625
0.1686813235282898
0.1686813235282898
34.57966995239258
34.57966995239258
-167.50054931640625
-186.39285278320312
-186.39285278320312
-38.4593391418457
53.13461685180664
-20.41044044494629
-20.41044044494629
-11.301648139953613
-11.301648139953613
128.70384216308594
-193.47747802734375
122.12527465820312
-43.351097106933594
-43.519779205322266
167.6692352294922
-213.55055236816406
-173.40438842773438
-72.02692413330078
188.92308044433594
188.92308044433594
-26.482967376708984
-215.743408203125
-196.17637634277344
173.2357177734375
123.81208801269531
123.81208801269531
159.0664825439453
159.0664825439453
-216.0807647705078
44.02582550048828
44.02582550048828
97.83516693115234
106.26923370361328
160.92198181152344
148.2708740234375
-200.39340209960938
-200.39340209960938
105.25714111328125
-193.9835205078125
-193.9835205078125
-5.22912073135376
39.977474212646484
127.01703643798828