-0.30517578125
7.50732421875
11.962890625
16.66259765625
13.73291015625
14.83154296875
18.06640625
16.11328125
19.53125
20.01953125
18.5546875
19.22607421875
15.68603515625
15.869140625
26.7333984375
20.69091796875
27.9541015625
24.658203125
31.25
39.0625
44.677734375
46.875
21.6064453125
21.8505859375
25.0244140625
41.015625
43.3349609375
48.095703125
46.32568359375
52.24609375
53.64990234375
50.84228515625
43.27392578125
13.85498046875
-2.8076171875
-9.09423828125
0.79345703125
-17.02880859375
-0.8544921875
-20.5078125
-36.80419921875
-2.13623046875
-9.1552734375
-32.77587890625
-37.353515625
-40.771484375
-45.10498046875
-13.671875
-5.615234375
-0.18310546875
0.30517578125
1.40380859375
4.82177734375
-1.46484375
4.08935546875
3.0517578125
6.28662109375
8.056640625
13.18359375
17.578125
6.89697265625
15.9912109375
26.0009765625
13.3056640625
25.0244140625
32.77587890625
47.91259765625
53.89404296875
54.38232421875
1.220703125
5.92041015625
-1.220703125
13.0615234375
27.34375
27.34375
27.77099609375
27.83203125
36.43798828125
32.470703125
32.470703125
32.470703125
23.98681640625
21.05712890625
11.8408203125
16.41845703125
11.71875
15.44189453125
11.71875
14.892578125
15.625
13.97705078125
11.16943359375
7.26318359375
12.26806640625
7.50732421875
10.6201171875
8.48388671875
-3.96728515625
0.48828125
11.41357421875
13.18359375
28.4423828125
27.7099609375
23.0712890625
26.0009765625
23.8037109375
27.16064453125
23.25439453125
19.6533203125
21.17919921875
22.27783203125
19.4091796875
3.41796875
-2.8076171875
4.82177734375
12.39013671875
8.48388671875
11.16943359375
11.16943359375
8.36181640625
14.16015625
10.3759765625
10.3759765625
13.3056640625
16.54052734375
9.3994140625
13.97705078125
8.60595703125
10.498046875
7.38525390625
12.87841796875
44.00634765625
49.13330078125
59.50927734375
58.28857421875
47.36328125
41.748046875
13.18359375
2.13623046875
11.04736328125
21.8505859375
58.53271484375
65.4296875
63.29345703125
49.62158203125
50.78125
16.11328125
34.1796875
49.6826171875
-0.79345703125
-6.77490234375
-1.28173828125
-0.30517578125
-2.62451171875
2.01416015625
14.2822265625
59.2041015625
67.0166015625
65.673828125
12.26806640625
60.24169921875
68.17626953125
19.1650390625
58.7158203125
66.0400390625
11.71875
70.3125
60.1806640625
-2.9296875
1.708984375
4.82177734375
4.69970703125
23.92578125
25.146484375
28.1982421875
29.11376953125
27.16064453125
31.43310546875
26.79443359375
29.11376953125
29.96826171875
21.54541015625
23.98681640625
23.25439453125
22.76611328125
33.87451171875
35.46142578125
46.08154296875
40.58837890625
39.1845703125
35.888671875
37.353515625
36.865234375
37.59765625
36.92626953125
37.17041015625
38.02490234375
34.0576171875
28.4423828125
4.39453125
-1.89208984375
-3.35693359375
-6.2255859375
-10.1318359375
-17.9443359375
-16.845703125
-20.32470703125
-20.56884765625
-22.94921875
-30.45654296875
-34.24072265625
-37.65869140625
-26.30615234375
-1.40380859375
-5.18798828125
-5.43212890625
52.18505859375
57.4951171875
44.73876953125
43.27392578125
6.591796875
4.82177734375
1.64794921875
6.7138671875
16.9677734375
21.97265625
17.2119140625
27.4658203125
31.25
45.71533203125
62.5
68.05419921875
66.34521484375
52.734375
32.470703125
11.04736328125
9.82666015625
9.1552734375
6.591796875
23.49853515625
24.5361328125
26.0009765625
22.216796875
22.76611328125
21.3623046875
24.71923828125
26.06201171875
20.6298828125
16.41845703125
23.49853515625
24.2919921875
28.13720703125
27.34375
27.77099609375
22.8271484375
22.216796875
21.3623046875
18.12744140625
20.3857421875
23.49853515625
26.3671875
23.5595703125
19.8974609375
20.69091796875
-11.71875
-19.6533203125
11.29150390625
30.94482421875
28.6865234375
35.5224609375
36.0107421875
31.005859375
32.1044921875
35.64453125
27.9541015625
31.73828125
27.34375
28.13720703125
27.64892578125
37.9638671875
58.77685546875
69.88525390625
72.998046875
78.18603515625
75.68359375
82.03125
74.21875
34.1796875
-40.6494140625
-60.4248046875
-11.65771484375
-1.77001953125
-12.02392578125
7.14111328125
85.5712890625
81.35986328125
4.7607421875
-12.51220703125
-2.685546875
-0.30517578125
50.23193359375
2.0751953125
-8.7890625
-12.6953125
-11.5966796875
9.58251953125
19.4091796875
21.484375
-4.150390625
-0.1220703125
8.48388671875
22.39990234375
30.76171875
33.69140625
-0.48828125
22.27783203125
50.1708984375
13.97705078125
22.27783203125
16.17431640625
29.6630859375
19.22607421875
17.2119140625
12.39013671875
15.19775390625
13.18359375
14.95361328125
21.1181640625
27.34375
21.30126953125
23.681640625
33.38623046875
52.91748046875
58.2275390625
53.77197265625
40.83251953125
42.1142578125
25.634765625
4.8828125
2.13623046875
16.90673828125
26.4892578125
2.197265625
-7.99560546875
26.18408203125
-1.708984375
-1.28173828125
31.31103515625
88.31787109375
99.609375
99.609375
99.67041015625
22.4609375
85.3271484375
-30.57861328125
-17.08984375
-30.09033203125
-2.01416015625
-6.4697265625
6.34765625
11.29150390625
41.1376953125
25.81787109375
2.685546875
41.9921875
105.40771484375
106.26220703125
6.9580078125
41.56494140625
100.40283203125
59.6923828125
-2.0751953125
49.62158203125
49.62158203125
2.9296875
46.7529296875
-0.30517578125
-7.75146484375
-24.35302734375
-0.244140625
-4.45556640625
63.90380859375
74.40185546875
68.9697265625
10.8642578125
24.23095703125
42.29736328125
3.35693359375
53.28369140625
26.30615234375
99.7314453125
96.8017578125
97.10693359375
41.07666015625
-2.38037109375
-10.8642578125
7.38525390625
2.38037109375
-3.90625
-5.126953125
-6.103515625
0.79345703125
-7.62939453125
21.240234375
21.1181640625
27.40478515625
25.32958984375
29.1748046875
22.15576171875
36.68212890625
34.60693359375
38.75732421875
36.80419921875
57.80029296875
63.3544921875
59.26513671875
64.63623046875
55.7861328125
54.5654296875
54.62646484375
52.91748046875
2.9296875
5.37109375
33.3251953125
0.79345703125
5.79833984375
21.484375
30.09033203125
14.95361328125
-5.859375