49.42362594604492
47.230770111083984
-9.277472496032715
-226.20164489746094
-226.20164489746094
179.8142852783203
-107.95604705810547
-107.95604705810547
-230.41868591308594
-37.10988998413086
-37.10988998413086
-181.8384552001953
-39.80879211425781
-39.80879211425781
-202.9236297607422
-188.24835205078125
-34.91703414916992
-34.91703414916992
-212.0324249267578
-212.0324249267578
-20.91648292541504
-227.21372985839844
-227.21372985839844
-78.77417755126953
-78.77417755126953
147.2587890625
147.2587890625
-215.743408203125
171.88626098632812
171.88626098632812
-238.85275268554688
-34.07362747192383
-46.89340591430664
-98.3412094116211
-188.24835205078125
-227.04505920410156
-155.524169921875
-14.506593704223633
-14.506593704223633
169.6934051513672
169.6934051513672
-206.46592712402344
132.752197265625
132.752197265625
151.8131866455078
-204.77911376953125
-204.77911376953125
149.62033081054688
-48.91758346557617
-48.91758346557617
-33.398902893066406
-190.94725036621094
-190.94725036621094
70.5087890625
-33.736263275146484
-33.736263275146484
126.67967224121094
-230.25
-188.92308044433594
-188.92308044433594
-46.72472381591797
-185.54945373535156
-217.93626403808594
168.17527770996094
168.17527770996094
-211.5263671875
-14.843955993652344
176.27197265625
166.82582092285156
142.5357208251953
13.157142639160156
-119.42637634277344
-119.42637634277344
-97.16043853759766
178.63351440429688
178.63351440429688
-174.9225311279297
-169.0186767578125
-169.0186767578125
41.66428756713867
176.9467010498047
176.9467010498047
165.13900756835938
198.36923217773438
-17.205493927001953
168.85000610351562
19.22966957092285
189.26043701171875
-45.71263885498047
-45.71263885498047
181.66978454589844
-43.519779205322266
-81.30439758300781
173.9104461669922
173.9104461669922
125.6675796508789
125.6675796508789
184.1999969482422
-201.74285888671875
23.952747344970703
23.952747344970703
-199.38131713867188
214.89999389648438
214.89999389648438
-214.7313232421875
188.4170379638672
188.4170379638672
198.87527465820312
197.6945037841797
197.6945037841797
-88.38900756835938
200.39340209960938
200.39340209960938
157.37966918945312
-29.350549697875977
-203.59835815429688
-211.69505310058594
7.590659141540527
-220.12911987304688
-154.34339904785156
-174.41648864746094
-174.41648864746094
133.93296813964844
-30.36263656616211
-0.6747252941131592
-0.6747252941131592
-226.5390167236328
-24.627471923828125
164.9703369140625
46.21868133544922
-23.44670295715332
-23.44670295715332
-160.24725341796875
-160.24725341796875
-115.54669952392578
-9.952198028564453
-197.86318969726562
-197.86318969726562
-3.0362637042999268
-3.0362637042999268
-17.880220413208008
-17.880220413208008
199.04396057128906
125.4989013671875
125.4989013671875
125.4989013671875
125.3302230834961
125.3302230834961
178.29615783691406
-225.6956024169922
-225.6956024169922
-199.38131713867188
-199.38131713867188
-97.83516693115234
-97.83516693115234
-226.87637329101562
-226.87637329101562
123.47472381591797
-73.03900909423828
145.5719757080078
-49.25494384765625
-49.25494384765625
84.50933837890625
84.50933837890625
84.50933837890625
-31.880769729614258
162.4401092529297
-108.79945373535156
-108.79945373535156
-210.5142822265625
161.4280242919922
134.60769653320312
134.60769653320312
-206.46592712402344
-206.46592712402344
76.75
39.977474212646484
4.55439567565918
-25.9769229888916
122.12527465820312
122.12527465820312
-229.2379150390625
-7.590659141540527
-7.590659141540527
-180.15164184570312
-180.15164184570312
-188.75439453125
-188.75439453125
-133.25823974609375
-133.25823974609375
116.89615631103516
-18.048900604248047
-18.048900604248047
-70.00274658203125
-70.00274658203125
121.28186798095703
121.28186798095703
177.9587860107422
177.9587860107422
91.76263427734375
143.04176330566406
186.0554962158203
186.0554962158203
-15.687362670898438
-15.687362670898438
-179.98297119140625
-179.98297119140625
-187.7423095703125
-187.7423095703125
23.78406524658203
23.78406524658203
-8.265384674072266
-8.265384674072266
-168.6813201904297
-16.19340705871582
159.90989685058594
159.90989685058594
148.77691650390625
-159.40383911132812
-159.40383911132812
179.4769287109375
179.4769287109375
182.51318359375
182.51318359375
-8.602746963500977
-190.4412078857422
18.55494499206543
18.55494499206543
-162.10275268554688
-162.10275268554688
-3.8796703815460205
47.399452209472656
47.399452209472656
47.399452209472656
187.7423095703125
187.7423095703125
111.32967376708984
-189.7664794921875
36.60384750366211
36.60384750366211
172.5609893798828
-199.7186737060547
186.22418212890625
-168.51263427734375
-70.3401107788086
-10.964285850524902
-10.964285850524902
100.87142944335938
100.87142944335938
-154.68077087402344
153.8373565673828
-22.265933990478516
-22.265933990478516
-18.55494499206543
-18.55494499206543
-207.8153839111328
-93.11209106445312
-93.11209106445312
176.27197265625
-37.61593246459961
-37.61593246459961
165.13900756835938
135.2824249267578
170.36813354492188
170.36813354492188
-109.64286041259766
122.46263885498047
6.409890174865723
6.409890174865723
-178.12747192382812
-213.2131805419922
-213.2131805419922
-0.3373626470565796
-0.3373626470565796
-5.060439586639404
-206.46592712402344
-89.73846435546875
-19.060989379882812
-197.86318969726562
-197.86318969726562
-166.9945068359375
-166.9945068359375
-66.96648406982422
-172.5609893798828
-210.85165405273438
-210.85165405273438
-22.603296279907227
-23.27802276611328
-23.27802276611328
-233.45494079589844
-173.2357177734375
-184.0313262939453
-47.56813049316406
-28.33846092224121
-28.33846092224121
-114.87197875976562
-114.87197875976562
-12.9884614944458
-113.85989379882812
-113.85989379882812
148.2708740234375
32.21813201904297
50.098350524902344
-213.2131805419922
-20.747802734375
-20.747802734375
-106.26923370361328
-22.265933990478516
-22.265933990478516
71.3521957397461
39.3027458190918
192.12802124023438
192.12802124023438
-27.326374053955078
184.53736877441406
-231.59945678710938
-171.88626098632812
-171.88626098632812
-192.2967071533203
-62.07472610473633
168.6813201904297
168.6813201904297
168.6813201904297
100.02802276611328
-114.87197875976562
-114.87197875976562
-2.6989011764526367
-2.6989011764526367
125.3302230834961
-218.4423065185547
41.49560546875
184.87472534179688
229.2379150390625
45.20659255981445
45.20659255981445
38.79670333862305
82.1478042602539
84.17198181152344
84.17198181152344
-190.94725036621094
-190.94725036621094
119.0890121459961
-169.86209106445312
-34.74835205078125
-182.00714111328125
-182.00714111328125
-181.1637420654297
48.411537170410156
100.36538696289062
-1.855494499206543
125.83626556396484
125.83626556396484
94.46154022216797
94.46154022216797
-15.687362670898438
155.01812744140625
205.11648559570312
205.11648559570312
123.81208801269531
-215.40603637695312
208.32142639160156
-154.00604248046875
-154.00604248046875
-183.35659790039062
-183.35659790039062
173.06703186035156
-22.940658569335938
-193.64614868164062
69.83406829833984
69.83406829833984
-208.65879821777344
-2.6989011764526367
-53.13461685180664
-6.915934085845947
-6.915934085845947
17.880220413208008
-191.11593627929688
-191.11593627929688
156.1988983154297
156.1988983154297
-20.241758346557617
-20.241758346557617
-227.38241577148438
-221.14120483398438
-221.14120483398438
101.37747192382812
132.752197265625
-190.778564453125
-204.44175720214844
-204.44175720214844
-204.44175720214844
-133.59561157226562
-133.59561157226562
122.12527465820312
122.12527465820312
-183.1879119873047
33.230220794677734
-139.16209411621094
-139.16209411621094
-159.90989685058594
-24.121429443359375
-254.5401153564453