0.7405650019645691
0.7580975890159607
0.7920538187026978
0.8089717030525208
0.8432201743125916
0.8604158759117126
0.8774503469467163
0.885874330997467
0.9282566905021667
0.9366892576217651
0.9565857648849487
0.977668046951294
1.0206049680709839
1.041709303855896
1.069456696510315
1.5585838556289673
1.5712435245513916
1.5735845565795898
1.564774990081787
1.5527961254119873
1.543148159980774
1.531966209411621
1.5176680088043213
1.506125569343567
1.4935225248336792
1.4789466857910156
1.4668875932693481
1.4536365270614624
1.441416621208191
1.441416621208191
1.441416621208191
1.4231189489364624
1.4152833223342896
1.410061001777649
1.4016332626342773
1.3901771306991577
1.3775017261505127
1.3597997426986694
1.3415353298187256
1.3415353298187256
1.285538673400879
1.282167911529541
1.2160232067108154
1.17151939868927
1.1653785705566406
1.1271101236343384
1.0723974704742432
1.019583821296692
1.024158000946045
1.4444465637207031
1.4498918056488037
1.5671837329864502
1.649341106414795
1.6619306802749634
1.6886545419692993
1.6633610725402832
1.6627072095870972
1.642088770866394
1.6141048669815063
1.5936734676361084
1.5805257558822632
1.5596569776535034
1.5413552522659302
1.5400090217590332
1.5134057998657227
1.483393669128418
1.4654124975204468
1.4480665922164917
1.429823398590088
1.3315272331237793
1.333933711051941
1.3789780139923096
1.3848860263824463
1.4252643585205078
1.5218241214752197
1.5427356958389282
1.693713903427124
1.6851943731307983
1.6849365234375
1.6709699630737305
1.6558983325958252
1.641290545463562
1.6207653284072876
1.59931218624115
1.59931218624115
1.59931218624115
1.5457044839859009
1.52800452709198
1.5306596755981445
1.540144920349121
1.514977216720581
1.5196136236190796
1.5223636627197266
1.5273728370666504
1.509335994720459
1.506716012954712
1.4808450937271118
1.4809801578521729
1.4566552639007568
1.3893349170684814
1.3396321535110474
1.310525894165039
1.2760858535766602
1.2329809665679932
1.241163730621338
1.197893738746643
1.1965748071670532
1.1680854558944702
1.1667662858963013
1.172187089920044
1.16389799118042
1.2226287126541138
1.2276369333267212
1.237995982170105
1.3403737545013428
1.3456765413284302
1.3647490739822388
1.3735547065734863
1.3953900337219238
1.4229949712753296
1.45196533203125
1.478498935699463
1.50040602684021
1.522312879562378
1.5415141582489014
1.6542268991470337
1.660378098487854
1.668129801750183
1.678611159324646
1.699288010597229
1.7197383642196655
1.739455223083496
1.761165738105774
1.7840750217437744
1.8066120147705078
1.8313407897949219
1.849110722541809
1.9077811241149902
1.9205942153930664
1.9028862714767456
1.8693156242370605
1.8281371593475342
1.7776150703430176
1.7221388816833496
1.6947141885757446
1.6481220722198486
1.641319751739502
1.573672890663147
1.50459623336792
1.5138030052185059
1.512902855873108
1.5154757499694824
1.4695309400558472
1.4490705728530884
1.4390915632247925
1.4133946895599365
1.3808690309524536
1.3471392393112183
1.343611478805542
1.3275365829467773
1.346751093864441
1.5364106893539429
1.5709178447723389
1.5793883800506592
1.5712631940841675
1.5432215929031372
1.5176695585250854
1.5040723085403442
1.4943724870681763
1.490263819694519
1.4906617403030396
1.478039264678955
1.465574860572815
1.4590840339660645
1.432266354560852
1.3928486108779907
1.3518519401550293
1.2964695692062378
1.2738395929336548
1.2159311771392822
1.1634058952331543
1.1187114715576172
1.0820043087005615
1.0430880784988403
0.9890392422676086
1.2185626029968262
1.3539464473724365
1.5213775634765625
1.6912137269973755
1.7127900123596191
1.7320072650909424
1.7460367679595947
1.7478619813919067
1.7322230339050293
1.7042232751846313
1.6636818647384644
1.6176447868347168
1.5553584098815918
1.4765883684158325
1.4631669521331787
1.4465945959091187
1.3990166187286377
1.3679704666137695
1.330344557762146
1.2857592105865479
1.2151461839675903
1.1059021949768066
1.2998121976852417
1.2900389432907104
1.349106788635254
1.3536403179168701
1.2969045639038086
1.3144127130508423
1.3190999031066895
1.331839919090271
1.335014820098877
1.335014820098877
1.335014820098877
1.2900584936141968
1.2950198650360107
1.2964545488357544
1.2965043783187866
1.285820484161377
1.2806103229522705
1.2596335411071777
1.2454845905303955
1.224098563194275
1.224098563194275
1.208798885345459
1.1761977672576904
1.1617594957351685
1.1525064706802368
1.1439735889434814
1.1551469564437866
1.161902904510498
1.1646795272827148
1.1502434015274048
1.1533061265945435
1.1474462747573853
1.1062476634979248
1.0687607526779175
1.0242115259170532
0.9838124513626099
0.940509557723999
0.9330320358276367
0.8764933347702026
0.7627906799316406
0.7908874750137329
0.9638910889625549
0.9752359390258789
0.9823830723762512
1.0143499374389648
1.0432360172271729
1.1121163368225098
1.160275936126709
1.1706651449203491
1.2895256280899048
1.2912354469299316
1.250511884689331
1.1935349702835083
1.1405565738677979
1.077497124671936
1.0229848623275757
0.9734494686126709
0.9209109544754028
0.8922510147094727
0.8456325531005859
0.841225266456604
0.8355216979980469
0.816209614276886
0.7930982708930969
0.7664299011230469
0.7068723440170288
0.6276373863220215
0.6488766074180603
0.6449122428894043
0.6418837308883667
0.6382498741149902
0.6189712285995483
0.5921941995620728
0.5651843547821045
0.5423629283905029
0.5152966380119324
0.4857061207294464
0.45163267850875854
0.4004729688167572
0.29732227325439453
0.24353793263435364
0.18320176005363464
0.12746624648571014
-0.030992379412055016
-0.034002918750047684
0.2294645458459854
0.24846906960010529
0.2508728802204132
0.3575899004936218
0.42155584692955017
0.43152204155921936
0.4321436882019043
0.4173550605773926
0.39501604437828064
0.354440301656723
0.30516722798347473
0.2536845803260803
0.2042139619588852
0.192788764834404
0.11044669151306152
0.04910701513290405
-0.00777291739359498
-0.04598735645413399
-0.0817214846611023
-0.07857455313205719
-0.07422653585672379
0.15272830426692963
0.14081864058971405
0.10087636113166809
0.026678496971726418
0.030097084119915962
-0.08571597933769226
-0.08093711733818054
-0.08276298642158508
-0.1769832968711853
-0.17120614647865295
-0.17819026112556458
-0.198447123169899
-0.23020388185977936
-0.26511019468307495
-0.28711920976638794
-0.2867077887058258
-0.28331536054611206
-0.2830232083797455
-0.2841532826423645
-0.29499876499176025
-0.29499876499176025
-0.33102452754974365
-0.35241061449050903
-0.37961065769195557
-0.40864548087120056
-0.44336315989494324
-0.4866742491722107
-0.544102668762207
-0.5451971292495728
-0.546751856803894
-0.5441287755966187
-0.538188636302948
-0.5112751126289368
-0.46624094247817993
-0.43417149782180786
-0.4025689661502838
-0.36799386143684387
-0.3153994679450989
-0.2974258065223694
-0.28244638442993164
-0.2686152458190918
-0.23980668187141418
-0.22976379096508026
-0.1701311469078064
-0.14105381071567535
-0.120915986597538
-0.1037854477763176
-0.08616269379854202
-0.049859948456287384
0.005018931347876787
0.016004452481865883
0.00922180525958538
-0.015322494320571423
-0.08451131731271744
-0.1318279653787613
-0.20659282803535461
-0.2526538670063019
-0.3146969676017761
-0.32530316710472107
-0.41046273708343506
-0.43127456307411194
-0.5254783630371094
-0.6031427383422852
-0.5984727740287781
-0.5503246784210205
-0.5370305180549622
-0.5241199731826782
-0.5123404264450073
-0.5037810206413269
-0.496257483959198
-0.4941854476928711
-0.4814741909503937