-2.3702597618103027
-2.3702597618103027
-2.3702597618103027
-2.3702597618103027
1.8986018896102905
1.8986018896102905
-5.159504413604736
-5.159504413604736
2.561795711517334
-11.705251693725586
-5.085284233093262
3.375824451446533
0.727837324142456
8.564059257507324
7.639897346496582
-2.9281086921691895
2.8993782997131348
2.8993782997131348
-3.488351821899414
-4.185064315795898
3.1914708614349365
2.250549554824829
-1.790862798690796
1.1540051698684692
1.482010841369629
0.15562310814857483
-2.3056161403656006
2.734178304672241
-8.458714485168457
-1.3742717504501343
7.132326602935791
3.861847162246704
6.497863292694092
-1.5945383310317993
-4.718971252441406
5.920860767364502
6.313509941101074
2.2170307636260986
-0.5506663918495178
1.0438718795776367
1.1468225717544556
-7.129932403564453
-0.7493851184844971
0.7541735172271729
-5.315127849578857
3.114856243133545
-1.01753568649292
0.8140285611152649
1.4077905416488647
-4.14915132522583
-2.5522189140319824
-0.8212111592292786
3.028665065765381
5.549759387969971
11.549629211425781
6.294356346130371
-1.4652514457702637
0.6823474764823914
-1.094150185585022
5.219359397888184
1.3503297567367554
-3.6056675910949707
0.5889735817909241
-5.710170745849609
10.589553833007812
0.7230489253997803
-0.1843535304069519
1.2617442607879639
-0.9504980444908142
0.7493851184844971
4.278438568115234
4.278438568115234
-2.2864625453948975
5.281609058380127
-4.970362663269043
1.4149731397628784
4.771644115447998
4.771644115447998
3.5194764137268066
-0.5722141861915588
-0.43335050344467163
3.7205893993377686
3.7708675861358643
4.855441093444824
3.421314239501953
2.322375535964966
-1.6089035272598267
-1.0462660789489746
-1.0462660789489746
4.853046894073486
-2.1068973541259766
6.947973251342773
0.021547814831137657
5.643133163452148
-0.047884032130241394
0.20111294090747833
-6.833051681518555
3.6583402156829834
-4.505887508392334
-2.9257144927978516
-6.433219909667969
0.5219359397888184
3.5027170181274414
5.712564945220947
-1.7262194156646729
4.0749311447143555
0.2968810200691223
-1.094150185585022
-8.542511940002441
4.110844135284424
-5.985504150390625
-2.3965959548950195
-3.8953661918640137
-2.2912509441375732
3.7828385829925537
-3.224989652633667
6.045359134674072
4.491522312164307
4.948814868927002
-3.24414324760437
8.78193187713623
6.086060523986816
-0.27054479718208313
-7.661445140838623
2.4851813316345215
-6.605602264404297
-2.054224967956543
4.745307922363281
-4.14915132522583
5.0254292488098145
-3.93367338180542
-2.0231003761291504
4.235342502593994
-2.980781078338623
-2.5091233253479004
3.40216064453125
3.6128501892089844
-4.678269863128662
-1.0414776802062988
5.542576789855957
1.1420341730117798
-4.436455726623535
-0.2968810200691223
-4.0294413566589355
-2.4899697303771973
0.4836287498474121
-3.3183634281158447
2.585737705230713
-6.452373504638672
-10.900799751281738
4.845864295959473
-1.9704279899597168
2.920926094055176
-0.8547300100326538
-2.3127987384796143
-0.6368576288223267
1.335964560508728
3.162740468978882
-0.6416460275650024
5.659892559051514
-1.3742717504501343
-1.8722656965255737
2.7030537128448486
0.6775590777397156
2.473210334777832
-2.3726539611816406
1.094150185585022
0.2537853717803955
-0.3734954595565796