8.771428108215332
8.771428108215332
187.7423095703125
-5.060439586639404
-5.060439586639404
25.63956069946289
25.63956069946289
-126.84835052490234
-190.778564453125
188.0796661376953
-38.4593391418457
-186.730224609375
194.99560546875
168.006591796875
168.006591796875
-198.03187561035156
-198.03187561035156
-84.34066009521484
-84.34066009521484
144.05384826660156
-155.69285583496094
28.507143020629883
28.507143020629883
28.507143020629883
181.33241271972656
166.48846435546875
-56.17087936401367
-56.17087936401367
163.4521942138672
-208.99615478515625
-208.99615478515625
49.25494384765625
-216.24945068359375
-216.24945068359375
-216.24945068359375
164.4642791748047
-19.398351669311523
-19.398351669311523
-175.42857360839844
-175.42857360839844
-15.181318283081055
-196.0076904296875
130.72802734375
130.72802734375
-202.08021545410156
177.11538696289062
177.11538696289062
-21.422527313232422
127.86044311523438
127.86044311523438
-226.7076873779297
-75.7379150390625
118.24560546875
-186.89889526367188
127.86044311523438
127.86044311523438
-242.90109252929688
165.81373596191406
165.81373596191406
-216.92417907714844
-17.374176025390625
-17.374176025390625
-20.41044044494629
-20.41044044494629
109.47417449951172
180.489013671875
180.489013671875
135.61978149414062
146.41539001464844
78.77417755126953
129.2098846435547
-233.62362670898438
-233.62362670898438
-39.64011001586914
-39.64011001586914
150.96978759765625
-174.5851593017578
106.10054779052734
106.10054779052734
106.10054779052734
8.09670352935791
-23.615385055541992
-23.615385055541992
72.19560241699219
72.19560241699219
-19.567033767700195
-19.567033767700195
113.52252960205078
-38.121978759765625
-157.2109832763672
-190.10385131835938
-57.014286041259766
-57.014286041259766
158.22308349609375
-196.17637634277344
-31.374725341796875
-81.97911834716797
-182.34451293945312
-182.34451293945312
166.48846435546875
-221.81593322753906
168.006591796875
168.006591796875
-101.04010772705078
-101.04010772705078
166.9945068359375
166.9945068359375
184.70603942871094
184.70603942871094
-11.807692527770996
-221.984619140625
-221.984619140625
-124.99285888671875
-124.99285888671875
-61.906044006347656
-195.3329620361328
-195.3329620361328
-225.86428833007812
-182.00714111328125
-182.00714111328125
-182.00714111328125
-229.5752716064453
-231.43077087402344
-231.43077087402344
-229.06922912597656
-120.60713958740234
-120.60713958740234
-120.60713958740234
117.73956298828125
-138.3186798095703
86.36483764648438
86.36483764648438
86.36483764648438
185.2120819091797
-178.63351440429688
173.9104461669922
173.9104461669922
-20.241758346557617
14.169230461120605
14.169230461120605
-49.086265563964844
-49.086265563964844
-54.484066009521484
84.8467025756836
17.542856216430664
-14.169230461120605
-46.72472381591797
126.17362976074219
-171.21153259277344
-171.21153259277344
-204.9477996826172
-204.9477996826172
158.39175415039062
186.39285278320312
186.39285278320312
-15.518681526184082
-15.518681526184082
124.99285888671875
9.783516883850098
200.05604553222656
-159.0664825439453
-159.0664825439453
-205.9598846435547
-205.9598846435547
209.8395538330078
209.8395538330078
209.8395538330078
30.0252742767334
-147.76483154296875
-147.76483154296875
190.778564453125
-30.36263656616211
190.4412078857422
190.4412078857422
193.64614868164062
-78.26813507080078
-78.26813507080078
181.8384552001953
175.2598876953125
-1.3494505882263184
201.5741729736328
-218.4423065185547
-2.3615384101867676
-2.3615384101867676
155.86154174804688
-132.24615478515625
-132.24615478515625
-12.145054817199707
-12.145054817199707
-46.21868133544922
-46.21868133544922
-195.3329620361328
-215.23736572265625
-215.23736572265625
-215.23736572265625
75.23186492919922
-5.903846263885498
-5.903846263885498
-219.79176330566406
169.35604858398438
169.35604858398438
-212.36978149414062
-212.36978149414062
156.1988983154297
156.1988983154297
156.1988983154297
156.1988983154297
150.12637329101562
117.73956298828125
117.73956298828125
-212.2010955810547
156.1988983154297
163.4521942138672
163.4521942138672
-235.31044006347656
-45.375274658203125
-176.10330200195312
161.25933837890625
161.25933837890625
120.1010971069336
120.1010971069336
-217.93626403808594
58.70109939575195
-203.42967224121094
-203.42967224121094
91.0879135131836
91.0879135131836
127.52307891845703
-4.55439567565918
-4.55439567565918
-232.61154174804688
-201.74285888671875
-201.74285888671875
-234.12966918945312
-234.12966918945312
135.61978149414062
-5.397802352905273
-5.397802352905273
7.084615230560303
179.30824279785156
179.30824279785156
114.70330047607422
159.23516845703125
159.23516845703125
164.80165100097656
164.80165100097656
-26.989011764526367
-26.989011764526367
146.41539001464844
146.41539001464844
-38.96538543701172
-38.96538543701172
-206.97198486328125
-70.5087890625
-70.5087890625
-130.22198486328125
-130.22198486328125
104.9197769165039
104.9197769165039
-34.2423095703125
141.86099243164062
141.86099243164062
-223.6714324951172
149.45164489746094
-210.85165405273438
-210.85165405273438
-27.157691955566406
-201.9115447998047
129.88461303710938
-49.42362594604492
-49.42362594604492
164.80165100097656
164.80165100097656
-208.65879821777344
167.3318634033203
167.3318634033203
-82.48516845703125
129.0412139892578
-52.7972526550293
-218.7796630859375
-218.7796630859375
180.489013671875
-223.6714324951172
-223.6714324951172
-173.74176025390625
180.8263702392578
-2.6989011764526367
-19.398351669311523
-19.398351669311523
94.12417602539062
-144.72857666015625
-7.9280219078063965
-7.9280219078063965
-60.72527313232422
-73.88241577148438
-73.88241577148438
-189.4291229248047
156.53627014160156
-80.96703338623047
-8.940110206604004
85.8587875366211
85.8587875366211
146.75274658203125
146.75274658203125
146.75274658203125
146.75274658203125
-105.5945053100586
-8.09670352935791
-8.09670352935791
64.60494232177734
64.60494232177734
34.74835205078125
-33.06153869628906
-182.1758270263672
-182.1758270263672
-202.75494384765625
-202.75494384765625
-72.19560241699219
147.42747497558594
147.42747497558594
198.5379180908203
-140.0054931640625
-184.70603942871094
-184.70603942871094
-6.578571319580078
-10.120879173278809
-10.120879173278809
-201.06813049316406
142.0296630859375
-24.290109634399414
-24.290109634399414
166.15109252929688
147.09010314941406
158.0543975830078
158.0543975830078
-35.42307662963867
-186.89889526367188
-108.96813201904297
178.29615783691406
178.29615783691406
185.2120819091797
185.2120819091797
-20.41044044494629
-20.41044044494629
9.10879135131836
174.5851593017578
174.5851593017578
174.5851593017578
163.4521942138672
163.4521942138672
-77.42472839355469
-219.11703491210938
-204.77911376953125
-204.77911376953125
-20.41044044494629
-20.41044044494629
168.6813201904297
-28.675825119018555
-148.2708740234375
-63.086814880371094
-63.086814880371094
173.40438842773438
-177.62142944335938
-41.66428756713867
-41.66428756713867
-181.5010986328125
177.9587860107422
-44.7005500793457
-10.795604705810547
-40.483516693115234
-40.483516693115234
-74.55714416503906
172.39230346679688
-36.266483306884766
-36.266483306884766
156.1988983154297
165.47637939453125
165.47637939453125
-30.868680953979492
-30.868680953979492
142.36703491210938
142.36703491210938
-215.23736572265625
-215.23736572265625
-195.16429138183594
-234.8043975830078
-234.8043975830078
147.76483154296875
-123.6434097290039
0.0
0.0
-223.6714324951172
-34.2423095703125
149.7890167236328
149.7890167236328
149.7890167236328
64.94230651855469
52.122528076171875
-36.60384750366211
-55.83351516723633
-55.83351516723633
-29.687911987304688
-29.687911987304688
120.26978302001953
120.26978302001953
87.37692260742188
-223.84010314941406
-223.84010314941406
-208.99615478515625
-47.230770111083984
-193.81483459472656
-8.434065818786621
-3.710988998413086
1.3494505882263184
-124.99285888671875
-184.1999969482422
174.247802734375
174.247802734375
-188.4170379638672
183.86264038085938
-198.7065887451172
163.11483764648438
-188.24835205078125
-188.24835205078125
22.940658569335938
-164.12692260742188
-164.12692260742188
194.48956298828125
202.08021545410156
202.08021545410156
206.97198486328125
206.97198486328125
-197.6945037841797
0.5060439705848694
0.5060439705848694
-104.07637023925781
-164.12692260742188
-164.12692260742188
61.06263732910156
61.06263732910156
-131.7401123046875
69.4967041015625
-180.32032775878906
-180.32032775878906