0.42724609375
0.732421875
0.48828125
0.42724609375
0.3662109375
0.48828125
0.54931640625
0.54931640625
0.30517578125
2.8076171875
1.40380859375
5.2490234375
7.14111328125
5.4931640625
5.37109375
4.94384765625
-0.91552734375
-20.99609375
-25.146484375
-21.30126953125
-27.2216796875
-26.18408203125
-24.5361328125
-26.4892578125
-23.8037109375
-28.99169921875
-19.6533203125
-21.42333984375
-15.31982421875
-17.15087890625
-17.63916015625
-17.333984375
-23.62060546875
-14.7705078125
-18.6767578125
-21.484375
-27.4658203125
-37.78076171875
-47.66845703125
-47.66845703125
-45.8984375
-48.095703125
-47.30224609375
-50.9033203125
-42.78564453125
-45.95947265625
-46.08154296875
-11.1083984375
13.427734375
2.8076171875
-3.60107421875
-6.40869140625
-2.685546875
-2.685546875
-18.310546875
-33.935546875
-35.58349609375
-32.8369140625
-30.1513671875
-33.14208984375
-39.00146484375
-36.2548828125
-40.71044921875
-35.15625
-36.2548828125
-40.34423828125
-42.54150390625
-42.54150390625
-47.7294921875
0.0
-4.8828125
-4.82177734375
-4.82177734375
-4.08935546875
-1.46484375
32.04345703125
-2.5634765625
-4.21142578125
-25.57373046875
-33.75244140625
-34.36279296875
-35.400390625
-26.18408203125
-30.94482421875
-26.85546875
-36.07177734375
-36.07177734375
-36.9873046875
-2.0751953125
-25.20751953125
-6.65283203125
-5.18798828125
-7.38525390625
-32.16552734375
-41.56494140625
-25.81787109375
-23.62060546875
-23.62060546875
-23.62060546875
-50.10986328125
-48.583984375
-52.79541015625
-46.69189453125
-4.2724609375
-23.4375
-11.5966796875
-13.0615234375
-21.54541015625
-4.2724609375
-32.16552734375
-5.0048828125
0.0
-2.50244140625
-2.8076171875
0.48828125
-0.42724609375
-1.64794921875
18.24951171875
20.751953125
23.92578125
20.5078125
22.3388671875
24.0478515625
11.04736328125
11.29150390625
-1.40380859375
-1.40380859375
1.40380859375
12.75634765625
17.333984375
17.76123046875
22.27783203125
19.47021484375
17.51708984375
17.02880859375
22.8271484375
22.15576171875
4.57763671875
-8.23974609375
-44.0673828125
-53.466796875
-50.1708984375
-52.42919921875
-49.8046875
-47.607421875
-51.26953125
-49.9267578125
-54.931640625
-2.62451171875
-7.87353515625
-23.92578125
-47.54638671875
-46.875
-9.033203125
-26.18408203125
-47.79052734375
-47.119140625
-39.55078125
-39.55078125
11.53564453125
14.7705078125
3.662109375
-6.4697265625
-4.45556640625
-37.41455078125
-41.9921875
-25.390625
-19.1650390625
-15.7470703125
-16.05224609375
-20.1416015625
-24.10888671875
-22.3388671875
-35.400390625
-56.396484375
-59.9365234375
-59.9365234375
-59.326171875
-65.36865234375
-65.49072265625
-66.46728515625
-63.5986328125
-47.607421875
-46.38671875
-17.08984375
5.92041015625
-8.85009765625
2.0751953125
7.8125
5.79833984375
2.3193359375
-22.76611328125
-23.8037109375
-23.8037109375
-61.58447265625
-62.255859375
-65.61279296875
-66.0400390625
-27.7099609375
-50.1708984375
-60.1806640625
-61.09619140625
-60.4248046875
-62.8662109375
-61.767578125
-66.71142578125
0.48828125
2.197265625
-45.5322265625
-8.6669921875
-1.64794921875
-16.29638671875
-4.33349609375
-13.85498046875
-6.04248046875
-30.6396484375
-14.70947265625
-7.62939453125
-8.23974609375
-6.103515625
-18.1884765625
-20.5078125
-18.24951171875
-32.1044921875
-37.109375
-31.982421875
-35.0341796875
-28.9306640625
-35.888671875
-27.587890625
-20.81298828125
-18.12744140625
-15.869140625
-2.62451171875
2.99072265625
-9.033203125
-1.46484375
-1.46484375
-36.07177734375
-58.2275390625
-54.19921875
-55.35888671875
-54.6875
1.8310546875
-64.63623046875
-70.556640625
-2.86865234375
71.59423828125
1.3427734375
0.244140625
7.50732421875
61.767578125
53.22265625
35.21728515625
9.82666015625
4.08935546875
4.150390625
-26.85546875
-60.4248046875
-70.1904296875
-70.068359375
-62.68310546875
-67.5048828125
-72.93701171875
-55.2978515625
-38.14697265625
-10.3759765625
-11.41357421875
-32.1044921875
-31.43310546875
-49.74365234375
-55.35888671875
-55.419921875
-5.37109375
0.18310546875
-5.859375
-31.06689453125
-40.46630859375
-37.04833984375
-37.841796875
-36.43798828125
-44.189453125
-43.76220703125
-46.38671875
-54.74853515625
-73.974609375
-65.4296875
-75.62255859375
-75.98876953125
-65.7958984375
-13.916015625
-9.58251953125
3.662109375
-2.50244140625
-0.79345703125
2.74658203125
1.708984375
-6.40869140625
-28.62548828125
-34.36279296875
-59.326171875
-64.5751953125
-66.162109375
-69.64111328125
-67.93212890625
-68.9697265625
-64.63623046875
-65.7958984375
-60.24169921875
-63.53759765625
-26.4892578125
-3.35693359375
6.591796875
4.2724609375
-69.03076171875
-21.1181640625
-3.84521484375
0.8544921875
-2.50244140625
-22.39990234375
-32.40966796875
-3.90625
-6.04248046875
-30.029296875
-38.02490234375
-42.41943359375
-40.95458984375
-16.9677734375
-2.9296875
-4.7607421875
-7.87353515625
-14.58740234375
-32.2265625
-32.2265625
-24.658203125
-36.07177734375
-47.54638671875
-45.166015625
-50.23193359375
-54.01611328125
-8.72802734375
-6.103515625
1.3427734375
-4.69970703125
19.1650390625
35.400390625
35.09521484375
30.70068359375
26.2451171875
23.5595703125
14.5263671875
17.578125
5.92041015625
10.3759765625
10.07080078125
14.95361328125
20.8740234375
21.66748046875
20.81298828125
12.0849609375
22.216796875
22.216796875
11.16943359375
-10.25390625
-33.935546875
-66.162109375
-74.64599609375
-73.3642578125
-65.7958984375
-78.125
-62.5
-59.814453125
-62.56103515625
-61.21826171875
-60.791015625
0.67138671875
2.3193359375
0.79345703125
0.67138671875
0.244140625
-0.18310546875
-8.23974609375
-0.6103515625
-3.173828125
-3.96728515625