-3.9384617805480957
-2.054224967956543
1.1037269830703735
-1.7812860012054443
1.8052279949188232
-1.213860273361206
-2.030282974243164
3.6846764087677
-3.2130186557769775
0.7757213115692139
7.398083209991455
-0.15083470940589905
-1.4101847410202026
-0.2537853717803955
-0.4692635238170624
0.3495534360408783
-0.325611412525177
-3.0406360626220703
-4.649539470672607
8.487444877624512
0.6991068720817566
0.6991068720817566
1.1420341730117798
2.2242133617401123
3.6535518169403076
-3.9217023849487305
-0.38546645641326904
-1.259350061416626
-2.6120738983154297
1.9369091987609863
-3.8810009956359863
-2.63362193107605
3.574542999267578
-8.470685005187988
-8.834604263305664
-5.1547160148620605
-4.5825018882751465
-5.513846397399902
0.9672574996948242
-1.0486602783203125
-4.163516521453857
-1.357512354850769
4.201823711395264
-0.9193734526634216
4.9152960777282715
6.574477672576904
-2.073378562927246
2.229001760482788
-0.849941611289978
-5.834669589996338
0.9959878921508789
-7.766790390014648
2.8562824726104736
-1.9512743949890137
-1.9512743949890137
-1.9512743949890137
-1.2880804538726807
3.5721487998962402
3.5721487998962402
-0.4429273009300232
-0.4429273009300232
-0.4429273009300232
4.994304656982422
4.994304656982422
-3.9647979736328125
-0.11971008032560349
4.58968448638916
0.5889735817909241
6.660668849945068
-4.841075897216797
-4.580107688903809
8.17141056060791
-2.3487117290496826
4.812345504760742
4.812345504760742
-0.6153098344802856
0.36152446269989014
2.9233202934265137
6.026205539703369
8.185775756835938
-2.0853495597839355
-3.9695863723754883
-0.711077868938446
-1.1540051698684692
1.0869675874710083
-0.10773907601833344
0.7134720683097839
1.8195933103561401
-0.4189852774143219
-0.3998316824436188
0.9361328482627869
3.0142998695373535
1.886630892753601
3.971980571746826
-2.6671407222747803
-1.5394716262817383
0.14604629576206207
2.296039342880249
2.4133553504943848
-1.3335703611373901
4.649539470672607
3.177105665206909
7.343016624450684
-1.7118542194366455
3.4739866256713867
3.840299367904663
1.8531121015548706
-1.094150185585022
-1.1228805780410767
2.7437551021575928
0.529118537902832
7.67581033706665
-1.1540051698684692
-0.0454898327589035
6.976703643798828
6.976703643798828
6.976703643798828
-1.1994950771331787
-1.1994950771331787
-1.1994950771331787
-1.1994950771331787
-1.9536685943603516
-0.035913024097681046
0.10773907601833344
5.035006046295166
-1.7094600200653076
-1.7094600200653076
-2.8586766719818115
-2.8586766719818115
7.682992935180664
-1.3479355573654175
-0.8762778043746948
1.460463047027588
1.1563993692398071
1.8698714971542358
4.817133903503418
-2.276885747909546
4.659116268157959
1.1180921792984009
-1.4484920501708984
4.489128112792969
-0.3711012601852417
1.2282254695892334
2.365471124649048
-3.7229835987091064
4.788403511047363
4.788403511047363
0.8595184087753296
-4.58968448638916
0.13168108463287354
-3.6774938106536865
2.9472622871398926
2.8802247047424316
6.691793441772461
1.1563993692398071
1.2928688526153564
3.6128501892089844
4.922478675842285
7.467514991760254
-0.49559974670410156
1.0342950820922852
-2.1116857528686523
-7.311892032623291
-1.5682021379470825
5.477933406829834
2.3463175296783447
4.982333660125732
2.343923330307007
2.5306711196899414
2.5306711196899414
0.9361328482627869
1.4293383359909058
1.5059528350830078
-1.3670891523361206
-7.606378555297852
1.5203180313110352
4.165910720825195
2.1475989818573
3.251325845718384
1.2856862545013428
-7.3023152351379395
6.672639846801758
-2.1140799522399902
-0.7469909191131592
5.559336185455322
4.113238334655762
-7.5417351722717285
-1.5897499322891235
1.8171991109848022
5.082890033721924
0.849941611289978
-5.044582843780518
5.16668701171875
5.849034786224365
2.7485435009002686
1.3072340488433838
0.12689268589019775
1.8602946996688843
-1.280897855758667
-1.6184803247451782
-1.1516109704971313
-0.9720458984375
-2.693476915359497
0.8164227604866028
7.319074630737305
4.062960147857666
-2.3535001277923584
1.790862798690796
2.056619167327881
0.9528922438621521
0.2346317619085312
4.422090530395508
-0.10295066982507706
2.099714756011963
-1.3120225667953491
-4.659116268157959
-8.161833763122559
-2.6192567348480225
4.086902141571045
2.5258827209472656
2.22660756111145
-0.17238251864910126
-8.518569946289062
1.3886369466781616
2.7293899059295654
-2.7126305103302
-1.91057288646698
-5.925649166107178
-12.023680686950684
0.6153098344802856
5.389348030090332
5.542576789855957
-1.9584569931030273
3.2369606494903564
2.406172752380371
-2.408566951751709
1.501164436340332
-11.54005241394043
1.400607943534851
-6.933608055114746
-1.455674648284912
-5.978321552276611
0.8762778043746948
2.4396915435791016
4.702211856842041
0.9696516990661621
3.201047658920288
0.3711012601852417
1.580173134803772
4.912901878356934
3.7852327823638916
-1.482010841369629
-0.14604629576206207
-5.16668701171875
7.515398979187012
5.674257755279541
6.40927791595459
2.456450939178467
6.797138690948486
-6.01423454284668
-1.8363527059555054
-1.8363527059555054
0.7709329128265381
0.7709329128265381
-7.965508937835693
0.569819986820221
6.088454723358154
1.6639701128005981
6.892906665802002
5.011064052581787
7.292738437652588
5.6646809577941895
7.8745293617248535
-0.9528922438621521
-0.29209259152412415
6.153098106384277
1.9560627937316895
5.382165431976318
-7.196969985961914
-9.976638793945312
-9.976638793945312
-3.5410242080688477
2.738966703414917
7.007828235626221
7.007828235626221
-3.7397429943084717
-4.896142482757568
3.8043863773345947
0.3471592366695404
-3.1435868740081787
-1.2282254695892334
0.7541735172271729
0.3423708379268646
4.800374507904053
4.558559894561768
-0.507570743560791
0.8403647541999817
-0.3663128614425659
-2.7293899059295654
-1.1013327836990356
2.1954829692840576
-3.272873640060425
-4.359841346740723
-0.028730420395731926
8.329427719116211
8.923189163208008
2.339134931564331
3.026270866394043
1.6567875146865845
-1.9752163887023926
-2.2840683460235596
1.4891934394836426
-2.3965959548950195
-0.028730420395731926
1.6615759134292603
7.841010570526123
-1.821987509727478
-0.31364041566848755
-0.6416460275650024
1.436521053314209
-1.3455413579940796
0.4668693244457245
-0.5506663918495178
2.032677173614502
-0.8451532125473022
-1.422155737876892
7.886500358581543
-2.5091233253479004
-0.6153098344802856
1.4724340438842773
1.4844050407409668
-0.667982280254364
6.260837554931641
2.8203694820404053
3.4380736351013184
-0.3519476354122162
-3.0166940689086914
-0.3423708379268646
-1.5275006294250488
-3.071760654449463
-1.5179238319396973
1.115697979927063
1.3670891523361206
1.5849615335464478
-0.5722141861915588
-0.5722141861915588
5.882553577423096
-6.1267619132995605
-2.5306711196899414
4.78122091293335
3.579331398010254
3.579331398010254
8.118738174438477
8.83939266204834
3.1220390796661377
0.8858546018600464
3.268085241317749
7.364564418792725
2.964021682739258
0.9481038451194763
3.6391866207122803
-4.197035312652588
-3.6990416049957275
-2.341529130935669
-2.341529130935669
6.011840343475342
-2.497152328491211
2.719813108444214
1.4915876388549805
3.6750996112823486
-6.981492042541504
-0.24899697303771973
-4.299986362457275
-4.299986362457275
-2.5091233253479004
-1.5873557329177856
3.885789394378662
-3.251325845718384
-6.2177414894104
2.652775526046753
2.6240451335906982
-5.827486991882324
5.398924827575684
-1.9752163887023926
5.781997203826904
-7.733271598815918
-1.546654224395752
-1.546654224395752
-3.7876269817352295
5.4228668212890625
3.557783603668213
-3.641580820083618
-3.641580820083618
-3.641580820083618
-0.3495534360408783
15.91665267944336
-2.537853717803955
-2.027888774871826
2.3080103397369385
4.529829502105713
1.5969325304031372
-1.3623007535934448
0.9074024558067322
1.9153612852096558
2.9161376953125
3.2800562381744385
3.2800562381744385
5.492298603057861
5.492298603057861
2.695871114730835
2.695871114730835
-0.33997663855552673
5.513846397399902
-2.497152328491211
4.802768707275391
5.851428985595703
1.4867992401123047
0.3423708379268646
-1.8052279949188232
0.2322375625371933
5.714959144592285
7.6303205490112305
2.0901379585266113
-7.316680431365967
11.439495086669922
2.0183119773864746
-3.9240965843200684
0.591367781162262
4.812345504760742
-0.014365210197865963