0.03298867493867874
0.08097139000892639
0.12596239149570465
0.1739451140165329
0.0929737240076065
0.0779796913266182
0.02399579808115959
0.017994629219174385
0.020995214581489563
0.020995214581489563
0.07497909665107727
0.08397197723388672
0.015002922154963017
0.00900175329297781
0.012002337723970413
0.056984469294548035
0.09896601736545563
0.12596239149570465
0.12596239149570465
0.12896297872066498
0.12896297872066498
0.12896297872066498
0.12896297872066498
0.12596239149570465
0.08097139000892639
0.07197851687669754
0.07497909665107727
0.07497909665107727
0.11396006494760513
0.11396006494760513
0.11696065217256546
0.17094454169273376
0.14095644652843475
0.12296181917190552
0.11096835881471634
0.012002337723970413
-0.011993460357189178
-0.023986920714378357
-0.07797080278396606
-0.07797080278396606
-0.11995235085487366
-0.14994044601917267
-0.11695177108049393
-0.04198155179619789
-0.020986337214708328
0.056984469294548035
0.056984469294548035
0.056984469294548035
0.0779796913266182
0.0779796913266182
0.0779796913266182
0.0779796913266182
0.06298563629388809
0.06298563629388809
0.06298563629388809
0.06298563629388809
0.06298563629388809
0.06597734987735748
0.06597734987735748
0.06597734987735748
0.06597734987735748
0.06597734987735748
0.06597734987735748
0.05998505279421806
0.05998505279421806
0.05998505279421806
0.05998505279421806
0.06298563629388809
0.0929737240076065
0.0929737240076065
0.08397197723388672
0.07197851687669754
0.06298563629388809
0.07497909665107727
0.12296181917190552
0.15294989943504333
0.06897792965173721
0.02399579808115959
0.02399579808115959
0.02399579808115959
0.020995214581489563
0.08097139000892639
0.10796777158975601
0.1349552720785141
0.16494335234165192
0.17094454169273376
0.17094454169273376
0.17094454169273376
0.16194278001785278
0.020995214581489563
-0.14094756543636322
-0.2908880114555359
-0.2908880114555359
0.08397197723388672
0.11096835881471634
-0.18592970073223114
-0.12295293807983398
0.15595048666000366
0.281904011964798
-0.19792315363883972
0.13195469975471497
0.14395703375339508
0.06298563629388809
0.14694873988628387
0.17694570124149323
0.17694570124149323
0.1739451140165329
0.17094454169273376
0.14694873988628387
-0.12295293807983398
-0.24590587615966797
0.02399579808115959
0.13795585930347443
0.16194278001785278
0.1349552720785141
0.1349552720785141
0.12296181917190552
0.12596239149570465
0.12596239149570465
0.12596239149570465
0.12596239149570465
0.12596239149570465
0.12596239149570465
0.12296181917190552
0.12596239149570465
0.12596239149570465
0.12596239149570465
0.12596239149570465
0.12596239149570465
0.12896297872066498
0.12596239149570465
0.12896297872066498
0.11996123194694519
0.05998505279421806
0.188939169049263
0.22492842376232147
0.22492842376232147
0.17993740737438202
0.03598925843834877
0.06597734987735748
0.02399579808115959
0.02399579808115959
0.02399579808115959
0.02399579808115959
0.02399579808115959
0.020995214581489563
-0.002991706831380725
-0.03297979384660721
-0.11695177108049393
-0.08696368336677551
0.05998505279421806
0.015002922154963017
0.0030005844309926033
0.08997314423322678
0.08697255700826645
0.08997314423322678
0.16194278001785278
0.188939169049263
0.08097139000892639
0.16194278001785278
0.16494335234165192
0.2159266620874405
0.19493144750595093
0.07197851687669754
0.20993438363075256
0.20993438363075256
0.07497909665107727
0.13795585930347443
0.19793203473091125
0.07197851687669754
0.017994629219174385
0.03298867493867874
0.09597431123256683
0.0929737240076065
0.0929737240076065
0.13195469975471497
0.12596239149570465
0.12596239149570465
0.12596239149570465
0.11696065217256546
0.10196660459041595
0.10196660459041595
0.10196660459041595
0.10196660459041595
0.09597431123256683
0.08697255700826645
0.08697255700826645
0.08697255700826645
0.0779796913266182
0.0030005844309926033
0.08997314423322678
0.08997314423322678
0.08997314423322678
0.08997314423322678
0.06298563629388809
0.06298563629388809
0.06298563629388809
0.06298563629388809
0.015002922154963017
-0.026987504214048386
-0.12295293807983398
-0.12295293807983398
-0.1259535253047943
-0.12895411252975464
-0.08396310359239578
-0.08096251636743546
-0.01798575185239315
-0.020986337214708328
-0.038980960845947266
-0.03297979384660721
-0.01798575185239315
-0.035980381071567535
0.02399579808115959
0.06298563629388809
0.05998505279421806
0.056984469294548035
0.05098330229520798
0.02999696508049965
0.020995214581489563
0.03298867493867874
0.05998505279421806
0.05998505279421806
0.09597431123256683
0.10496719181537628
0.10496719181537628
0.10496719181537628
0.0929737240076065
0.07197851687669754
0.07197851687669754
0.07197851687669754
0.05998505279421806
0.05998505279421806
0.05998505279421806
0.05998505279421806
0.05998505279421806
0.08097139000892639
0.08397197723388672
0.08097139000892639
0.07497909665107727
0.07497909665107727
0.0779796913266182
0.0779796913266182
0.0779796913266182
0.0779796913266182
0.0779796913266182
0.0779796913266182
0.0779796913266182
0.0779796913266182
0.0779796913266182
0.07497909665107727
0.06298563629388809
0.06298563629388809
0.06298563629388809
0.10796777158975601
0.10796777158975601
0.10496719181537628
0.09597431123256683
0.07497909665107727
0.07497909665107727
0.07497909665107727
0.05998505279421806
-0.023986920714378357
-0.1109594851732254
0.25191593170166016
0.056984469294548035
0.015002922154963017
0.056984469294548035
0.056984469294548035
0.056984469294548035
0.0779796913266182
0.08397197723388672
0.08397197723388672
0.08097139000892639
0.08097139000892639
0.08097139000892639
0.08097139000892639
0.10196660459041595
0.11096835881471634
0.26690998673439026
0.2908880114555359
0.2908880114555359
0.2908880114555359
0.2908880114555359
0.2908880114555359
0.2908880114555359
-0.14994044601917267
0.16494335234165192
0.18293799459934235
0.05998505279421806
-0.16493448615074158
0.13195469975471497
0.17694570124149323
0.17094454169273376
0.11996123194694519
0.08997314423322678
0.056984469294548035
-0.13194580376148224
-0.014994043856859207
0.2908880114555359
0.2908880114555359
0.2579171061515808
0.24291418492794037
0.2609087824821472
0.2459147572517395
0.188939169049263
0.0929737240076065
-0.04198155179619789
0.02699638158082962
0.05998505279421806
0.12596239149570465
0.17094454169273376
0.08997314423322678
0.0030005844309926033
-0.023986920714378357
-0.13194580376148224
0.09597431123256683
0.09597431123256683
0.0929737240076065
0.0929737240076065
0.0929737240076065
0.0929737240076065
0.0929737240076065
0.19793203473091125
0.17694570124149323
0.13795585930347443
0.13195469975471497
0.13195469975471497
0.00900175329297781
0.2549165189266205
0.18593856692314148
0.0929737240076065
0.2908880114555359
0.2908880114555359
0.09896601736545563
0.2908880114555359
0.22192783653736115
-0.05097442492842674
-0.25490763783454895
-0.014994043856859207
-0.04498213529586792
-0.13194580376148224
-0.14094756543636322
-0.09296485036611557
-0.035980381071567535
-0.035980381071567535
-0.01798575185239315
-0.014994043856859207
-0.08096251636743546
-0.08396310359239578
-0.08096251636743546
-0.08096251636743546
-0.020986337214708328
0.14095644652843475
0.2039332091808319
0.20093262195587158
0.16194278001785278
0.06597734987735748
0.09896601736545563
0.14395703375339508
0.14395703375339508
0.06897792965173721
0.02999696508049965
0.012002337723970413
0.056984469294548035
0.12596239149570465
0.13795585930347443
0.13795585930347443
0.0779796913266182
0.041990429162979126
0.08697255700826645
0.05998505279421806
0.10196660459041595
0.13195469975471497
0.12596239149570465
0.04799159616231918
0.017994629219174385
0.1349552720785141
0.07197851687669754
0.13195469975471497
0.16194278001785278
0.16794395446777344
0.1739451140165329
0.17094454169273376
0.158951073884964
0.00900175329297781
-0.04198155179619789
-0.15894220769405365
0.08097139000892639
0.07497909665107727
0.015002922154963017
0.10196660459041595
0.07197851687669754
0.07497909665107727
0.07497909665107727
0.07197851687669754
0.12296181917190552
0.1349552720785141
0.1349552720785141
0.1349552720785141
0.1349552720785141
0.188939169049263
0.188939169049263
0.09597431123256683
0.1349552720785141
0.188939169049263
0.14095644652843475
0.07197851687669754
0.2159266620874405
0.08697255700826645
0.012002337723970413
0.10796777158975601
0.0030005844309926033
0.17993740737438202
-0.023986920714378357
-0.23691299557685852
-0.263900488615036
0.17694570124149323
0.13795585930347443
0.08097139000892639
0.281904011964798
0.02999696508049965
0.188939169049263
0.188939169049263
0.188939169049263
0.188939169049263
0.15595048666000366
0.08397197723388672
0.0779796913266182
0.0779796913266182
0.0779796913266182
0.0779796913266182
0.11396006494760513
0.11696065217256546
0.11396006494760513
0.08697255700826645
0.08697255700826645
0.07497909665107727
0.07497909665107727
0.06597734987735748
0.020995214581489563
0.02699638158082962
0.02699638158082962
0.020995214581489563
0.006001168861985207