0.07197851687669754
0.07197851687669754
0.07197851687669754
0.07197851687669754
0.07197851687669754
0.07197851687669754
0.07197851687669754
0.07497909665107727
0.1499493271112442
0.1499493271112442
0.13195469975471497
0.0929737240076065
0.06597734987735748
0.05998505279421806
0.056984469294548035
0.056984469294548035
0.07497909665107727
0.07497909665107727
0.0779796913266182
0.0779796913266182
0.0779796913266182
0.0779796913266182
0.10196660459041595
0.11396006494760513
0.11096835881471634
0.11396006494760513
0.11096835881471634
0.11096835881471634
0.11096835881471634
0.11096835881471634
0.11096835881471634
-0.1139511838555336
-0.01798575185239315
-0.05097442492842674
-0.08996427059173584
-0.14394815266132355
-0.14394815266132355
-0.17992854118347168
-0.08996427059173584
-0.08996427059173584
-0.023986920714378357
-0.14693985879421234
0.14694873988628387
0.16194278001785278
0.14395703375339508
0.0929737240076065
0.056984469294548035
0.02699638158082962
0.017994629219174385
0.012002337723970413
0.05998505279421806
0.08097139000892639
0.08997314423322678
0.20693378150463104
0.23692187666893005
0.24291418492794037
0.09597431123256683
0.017994629219174385
0.012002337723970413
0.05098330229520798
0.05098330229520798
0.0030005844309926033
0.02399579808115959
0.02999696508049965
0.012002337723970413
0.13195469975471497
0.25191593170166016
0.2908880114555359
0.2908880114555359
0.18593856692314148
0.2908880114555359
0.2908880114555359
-0.035980381071567535
0.20693378150463104
0.2609087824821472
-0.10495830327272415
0.2039332091808319
0.20093262195587158
0.18593856692314148
0.17993740737438202
0.22192783653736115
0.12896297872066498
0.2039332091808319
0.0929737240076065
0.08997314423322678
0.06897792965173721
0.02399579808115959
-0.04198155179619789
-0.023986920714378357
0.12596239149570465
-0.18592970073223114
0.12596239149570465
0.12296181917190552
0.07497909665107727
0.03298867493867874
0.012002337723970413
0.02399579808115959
0.02399579808115959
0.02399579808115959
0.02399579808115959
0.0929737240076065
0.0929737240076065
0.06897792965173721
0.06897792965173721
0.09896601736545563
0.09896601736545563
0.18293799459934235
0.21292608976364136
0.2908880114555359
0.2908880114555359
0.2908880114555359
0.2908880114555359
0.2908880114555359
0.24291418492794037
-0.05397500842809677
0.188939169049263
0.012002337723970413
0.06298563629388809
0.2908880114555359
-0.026987504214048386
-0.2908880114555359
0.04799159616231918
0.22192783653736115
0.12596239149570465
0.006001168861985207
0.23392130434513092
0.20693378150463104
0.19793203473091125
0.16494335234165192
0.16494335234165192
0.14095644652843475
0.07497909665107727
0.015002922154963017
0.08997314423322678
0.18593856692314148
0.20693378150463104
0.1739451140165329
0.053983885794878006
-0.23991358280181885
-0.1379469931125641
-0.1529410183429718
-0.2908880114555359
-0.2908880114555359
-0.2908880114555359
-0.014994043856859207
-0.2908880114555359
-0.10495830327272415
-0.0989571362733841
-0.05997617542743683
0.012002337723970413
0.2908880114555359
0.2908880114555359
0.2908880114555359
0.2908880114555359
0.2579171061515808
0.2729111313819885
0.2908880114555359
0.2908880114555359
0.188939169049263
0.2908880114555359
0.015002922154963017
0.12596239149570465
0.13795585930347443
0.13795585930347443
0.1349552720785141
0.14395703375339508
0.06597734987735748
0.07497909665107727
0.12296181917190552