-0.014994043856859207
-0.014994043856859207
-0.014994043856859207
-0.014994043856859207
-0.014994043856859207
-0.01798575185239315
-0.01798575185239315
-0.01798575185239315
-0.01798575185239315
-0.01798575185239315
-0.014994043856859207
-0.014994043856859207
-0.01798575185239315
-0.020986337214708328
-0.020986337214708328
-0.020986337214708328
-0.020986337214708328
-0.020986337214708328
-0.020986337214708328
-0.020986337214708328
-0.020986337214708328
-0.020986337214708328
-0.020986337214708328
-0.020986337214708328
-0.020986337214708328
-0.020986337214708328
-0.020986337214708328
-0.020986337214708328
-0.020986337214708328
-0.020986337214708328
-0.020986337214708328
-0.023986920714378357
-0.023986920714378357
-0.035980381071567535
-0.07196963578462601
-0.07196963578462601
-0.07196963578462601
-0.07196963578462601
-0.07196963578462601
-0.07196963578462601
-0.07196963578462601
-0.07196963578462601
-0.07196963578462601
-0.07196963578462601
-0.07196963578462601
-0.11695177108049393
-0.11695177108049393
-0.11695177108049393
-0.16493448615074158
-0.17992854118347168
-0.17992854118347168
-0.21891836822032928
-0.2519070506095886
-0.1919308751821518
-0.17393623292446136
-0.1769368201494217
-0.15594160556793213
-0.07797080278396606
0.0779796913266182
0.188939169049263
-0.16193389892578125
-0.10795889794826508
0.02399579808115959
0.2908880114555359
0.2908880114555359
-0.23691299557685852
0.2908880114555359
-0.14994044601917267
-0.08996427059173584
-0.1529410183429718
-0.2069249153137207
-0.2069249153137207
-0.20392432808876038
-0.20392432808876038
-0.20392432808876038
-0.20392432808876038
-0.20092375576496124
-0.20092375576496124
-0.20092375576496124
-0.20092375576496124
-0.20092375576496124
-0.1919308751821518
0.158951073884964
-0.19792315363883972
0.2908880114555359
-0.20992548763751984
-0.005992291495203972
-0.005992291495203972
-0.008992875926196575
-0.06297676265239716
-0.12895411252975464
-0.1109594851732254
-0.10495830327272415
-0.09296485036611557
-0.08996427059173584
-0.08996427059173584
-0.08996427059173584
-0.09296485036611557
-0.07196963578462601
-0.08696368336677551
-0.23991358280181885
-0.014994043856859207
-0.11995235085487366
-0.11695177108049393
-0.11695177108049393
-0.11695177108049393
-0.11695177108049393
-0.11695177108049393
-0.11695177108049393
-0.1139511838555336
-0.1109594851732254
-0.1109594851732254
-0.09296485036611557
-0.06596846878528595
-0.12295293807983398
-0.005992291495203972
-0.21591779589653015
0.05098330229520798
0.06597734987735748
0.07497909665107727
0.0929737240076065
0.08697255700826645
0.06897792965173721
0.06897792965173721
0.06897792965173721
0.06897792965173721
0.06897792965173721
0.06897792965173721
0.06897792965173721
0.06897792965173721
0.07197851687669754
0.06897792965173721
0.06897792965173721
0.07197851687669754
0.06897792965173721
-0.04798271879553795
-0.14693985879421234
-0.13494640588760376
-0.12895411252975464
-0.12895411252975464
-0.12895411252975464
-0.12895411252975464
-0.10795889794826508
-0.10495830327272415
-0.10495830327272415
-0.10495830327272415
-0.10495830327272415
-0.0959654375910759
-0.09296485036611557
-0.09296485036611557
-0.09296485036611557
-0.09296485036611557
-0.1259535253047943
-0.1919308751821518
-0.2878963053226471
-0.2908880114555359
-0.17393623292446136
-0.12295293807983398
-0.1379469931125641
-0.13494640588760376
-0.13494640588760376
-0.13494640588760376
-0.13494640588760376
-0.13494640588760376
-0.13494640588760376
-0.13494640588760376
-0.13494640588760376
-0.13494640588760376
-0.13494640588760376
-0.14094756543636322
-0.14394815266132355
-0.14394815266132355
-0.14394815266132355
-0.1259535253047943
-0.12895411252975464
-0.11695177108049393
0.05098330229520798
0.18593856692314148
-0.020986337214708328
-0.0959654375910759
-0.10495830327272415
-0.10495830327272415
-0.10495830327272415
-0.10495830327272415
-0.10495830327272415
-0.10495830327272415
-0.10495830327272415
-0.10495830327272415
-0.10495830327272415
-0.1139511838555336
-0.15594160556793213
-0.17093566060066223
-0.1679350733757019
-0.1679350733757019
-0.1679350733757019
-0.1679350733757019
-0.1679350733757019
-0.1679350733757019
-0.1679350733757019
-0.1679350733757019
-0.014994043856859207
-0.035980381071567535
-0.035980381071567535
-0.014994043856859207
-0.014994043856859207
-0.014994043856859207
-0.014994043856859207
-0.002991706831380725
-0.008992875926196575
-0.05397500842809677
-0.05397500842809677
-0.05397500842809677
-0.05397500842809677
-0.035980381071567535
0.11996123194694519
0.1499493271112442
0.23992246389389038
0.22492842376232147
-0.04498213529586792
-0.04498213529586792
-0.04498213529586792
-0.2908880114555359
-0.2908880114555359
-0.2908880114555359
-0.2908880114555359
-0.2908880114555359
-0.2908880114555359
-0.15594160556793213
-0.15594160556793213
-0.1529410183429718
-0.1919308751821518
-0.08696368336677551
0.2908880114555359
0.2908880114555359
0.09597431123256683
-0.01798575185239315
-0.23091182112693787
-0.2908880114555359
-0.272902250289917
-0.272902250289917
-0.2758939862251282
-0.008992875926196575
-0.18893028795719147
-0.24290530383586884
-0.20092375576496124
-0.14394815266132355
-0.2069249153137207
-0.20992548763751984
-0.14994044601917267
-0.13494640588760376
0.2908880114555359
0.2908880114555359
0.19793203473091125
-0.14994044601917267
-0.2579082250595093
-0.263900488615036
0.2908880114555359
0.2908880114555359
0.2908880114555359
0.015002922154963017
0.03298867493867874
0.14694873988628387
0.2759028375148773
0.17694570124149323
0.25191593170166016
-0.0569755919277668
-0.08696368336677551
-0.2908880114555359
-0.2908880114555359
-0.2908880114555359
-0.2908880114555359
-0.2908880114555359
-0.2908880114555359
-0.2908880114555359
-0.2908880114555359
-0.10495830327272415
-0.08396310359239578
-0.07797080278396606
-0.1109594851732254
-0.002991706831380725
-0.1829291135072708
-0.18592970073223114
-0.16193389892578125
-0.08096251636743546
-0.06896905601024628
0.2908880114555359
0.04799159616231918
-0.1109594851732254
-0.1919308751821518
-0.1919308751821518
-0.2908880114555359
-0.2908880114555359
-0.2908880114555359
-0.2519070506095886
-0.20092375576496124
-0.2069249153137207
-0.2908880114555359
-0.2908880114555359
0.015002922154963017
0.23992246389389038
0.020995214581489563
-0.08996427059173584
-0.03297979384660721
-0.2908880114555359
0.05998505279421806
0.16194278001785278
-0.05097442492842674
-0.05097442492842674
-0.04498213529586792
-0.08996427059173584
-0.09296485036611557
-0.09296485036611557
-0.15594160556793213
-0.1829291135072708
-0.1829291135072708
-0.1829291135072708
-0.1829291135072708
-0.1829291135072708
-0.1829291135072708
-0.1829291135072708
-0.1829291135072708
-0.1829291135072708
-0.18592970073223114
-0.18592970073223114
-0.18592970073223114
-0.18592970073223114
-0.18592970073223114
-0.1829291135072708
-0.06896905601024628
0.188939169049263
-0.1259535253047943
0.006001168861985207
-0.22491954267024994
-0.17992854118347168
-0.17992854118347168
-0.22791124880313873
-0.2489064633846283
-0.2489064633846283
-0.2489064633846283
-0.24590587615966797
-0.2489064633846283
-0.24590587615966797
-0.24590587615966797
-0.24590587615966797
-0.13194580376148224
0.0779796913266182
0.21292608976364136
-0.08396310359239578
-0.06297676265239716
-0.1829291135072708
-0.18893028795719147
-0.18893028795719147
-0.18592970073223114
-0.18592970073223114
-0.18592970073223114
-0.18592970073223114
-0.18592970073223114
-0.18592970073223114
-0.14994044601917267
0.056984469294548035
0.04799159616231918
-0.04198155179619789
-0.2339124232530594
-0.14994044601917267
-0.08396310359239578
-0.15894220769405365
-0.1259535253047943
-0.04198155179619789
-0.25490763783454895
-0.2908880114555359
-0.25490763783454895
-0.2519070506095886
-0.2489064633846283
-0.1919308751821518
-0.26089993119239807
0.21292608976364136
0.2908880114555359
0.17993740737438202
0.27890342473983765
0.19793203473091125
0.19793203473091125
0.020995214581489563
-0.07497022300958633
-0.21591779589653015
-0.21591779589653015
0.2908880114555359
0.2908880114555359
-0.07196963578462601
-0.1919308751821518
-0.15894220769405365
-0.15894220769405365
-0.1529410183429718
-0.14693985879421234
-0.12895411252975464
-0.12895411252975464
-0.01798575185239315
-0.026987504214048386
-0.15894220769405365
-0.17992854118347168
-0.1769368201494217
-0.1949225813150406
0.2908880114555359