-5.18798828125
-0.30517578125
12.63427734375
13.427734375
11.41357421875
7.26318359375
15.7470703125
26.18408203125
26.67236328125
60.791015625
63.720703125
74.76806640625
85.38818359375
60.36376953125
39.73388671875
30.45654296875
25.57373046875
34.48486328125
23.25439453125
24.84130859375
27.64892578125
17.88330078125
18.73779296875
18.9208984375
19.34814453125
20.69091796875
24.71923828125
28.3203125
30.33447265625
26.611328125
32.2265625
2.685546875
-20.8740234375
-6.77490234375
-7.01904296875
-8.11767578125
-37.17041015625
-51.513671875
-45.5322265625
-43.3349609375
-4.57763671875
-7.38525390625
-2.5634765625
10.07080078125
47.607421875
62.19482421875
45.166015625
31.494140625
15.625
8.85009765625
4.57763671875
18.9208984375
24.47509765625
38.2080078125
80.4443359375
88.07373046875
87.21923828125
81.298828125
10.7421875
-0.9765625
9.1552734375
13.427734375
7.38525390625
3.11279296875
8.9111328125
-1.64794921875
28.4423828125
65.91796875
66.83349609375
74.64599609375
-1.3427734375
2.685546875
8.9111328125
-1.953125
16.41845703125
19.6533203125
-0.6103515625
-4.94384765625
102.05078125
98.44970703125
100.15869140625
101.62353515625
0.244140625
6.4697265625
69.88525390625
63.720703125
43.27392578125
5.126953125
6.9580078125
1.220703125
0.79345703125
-2.685546875
-5.92041015625
17.4560546875
50.35400390625
29.296875
6.9580078125
2.0751953125
0.79345703125
2.13623046875
0.0
6.7138671875
1.5869140625
29.541015625
29.60205078125
26.123046875
36.43798828125
50.59814453125
69.9462890625
69.27490234375
73.1201171875
69.091796875
74.3408203125
75.1953125
3.662109375
-7.01904296875
4.8828125
2.8076171875
2.13623046875
-1.15966796875
-3.72314453125
-4.5166015625
-3.90625
11.16943359375
59.87548828125
64.63623046875
9.82666015625
68.84765625
67.626953125
72.8759765625
76.0498046875
81.11572265625
70.12939453125
0.06103515625
-0.6103515625
33.87451171875
66.650390625
74.5849609375
7.26318359375
-13.12255859375
-8.4228515625
-30.76171875
-2.86865234375
-36.865234375
-27.16064453125
-6.9580078125
-4.69970703125
-4.08935546875
-7.14111328125
-6.9580078125
-2.13623046875
3.0517578125
9.70458984375
-4.2724609375
24.23095703125
59.2041015625
18.5546875
22.76611328125
29.296875
6.8359375
27.03857421875
-0.42724609375
-15.380859375
23.193359375
35.94970703125
39.794921875
46.875
-32.53173828125
-13.12255859375