1.9311238527297974
1.9426965713500977
1.9547780752182007
1.981085181236267
1.9990005493164062
2.024780511856079
2.043093204498291
2.061728000640869
2.077784776687622
2.1044399738311768
2.1261236667633057
2.1431868076324463
2.157325506210327
2.167048931121826
2.188431739807129
2.2194159030914307
2.254782199859619
2.313117027282715
2.3476064205169678
2.3919270038604736
2.419649362564087
2.435051918029785
2.507216453552246
2.5213985443115234
2.5505130290985107
2.5967166423797607
2.6284148693084717
2.645097017288208
2.645097017288208
2.730177164077759
2.8525781631469727
2.9033000469207764
2.97033429145813
3.0747768878936768
3.0578866004943848
3.059072494506836
-3.103348731994629
-3.0926241874694824
3.1377081871032715
3.1410975456237793
3.1222667694091797
3.1051483154296875
3.108177423477173
3.1000008583068848
3.0805463790893555
3.0595297813415527
2.9964497089385986
2.962998628616333
2.9639596939086914
2.9741175174713135
2.9918630123138428
3.0004475116729736
3.021714925765991
3.0360348224639893
3.0424678325653076
3.0491116046905518
3.0630581378936768
3.0795528888702393
3.0903944969177246
3.1140353679656982
3.1310818195343018
-3.137542486190796
-3.0998127460479736
-3.0725836753845215
-3.0447897911071777
-3.012418031692505
-2.9593467712402344
-2.9178030490875244
-2.8383796215057373
-2.646653652191162
-2.6404356956481934
-2.6370441913604736
-2.623821258544922
-2.623821258544922
-2.623821258544922
-2.56504487991333
-2.555094003677368
-2.49680495262146
-2.4577510356903076
-2.446056842803955
-2.403280258178711
-2.3599116802215576
-2.319270610809326
-2.319270610809326
-2.319270610809326
-2.269979476928711
-2.258535146713257
-2.245983600616455
-2.2272722721099854
-2.203984022140503
-2.1916606426239014
-2.18052339553833
-2.173975706100464
-2.1513984203338623
-2.1419925689697266
-2.1358895301818848
-2.117340326309204
-2.0851922035217285
-2.0807619094848633
-2.071234703063965
-2.064884662628174
-2.049720525741577
-2.0095202922821045
-1.9989782571792603
-1.9531400203704834
-1.9340360164642334
-1.924501895904541
-1.880916953086853
-1.8626593351364136
-1.8540750741958618
-1.816202163696289
-1.7884830236434937
-1.7223292589187622
-1.6832388639450073
-1.6744892597198486
-1.6632883548736572
-1.6536608934402466
-1.636910319328308
-1.62433922290802
-1.6105865240097046
-1.5969247817993164
-1.5791558027267456
-1.5621802806854248
-1.5465102195739746
-1.5329381227493286
-1.5136444568634033
-1.4981133937835693
-1.4814943075180054
-1.4687987565994263
-1.4551422595977783
-1.4378442764282227
-1.408710241317749
-1.3507895469665527
-1.2956024408340454
-1.2362916469573975
-1.1884413957595825
-1.149733304977417
-1.1064432859420776
-1.0915265083312988
-1.0860544443130493
-1.0706866979599
-1.0434430837631226
-0.9785006642341614
-0.8817510604858398
-0.8191803693771362
-0.78238445520401
-0.750551700592041
-0.7092532515525818
-0.6535946130752563
-0.4755192995071411
-0.48387250304222107
-0.48239678144454956
-0.33240577578544617
-0.35552918910980225
-0.35346853733062744
-0.22832347452640533
-0.20273853838443756
-0.14928710460662842
-0.14928710460662842
0.018280722200870514
0.05761211737990379
0.07724536955356598
0.19163808226585388
0.221517875790596
0.24092313647270203
0.3508450984954834
0.3851737976074219
0.40459856390953064
0.5455870032310486
0.5492904186248779
0.7038325667381287
0.7097057700157166
0.7200940847396851
0.7547548413276672
0.792640745639801
0.8198814392089844
0.8506861329078674
0.8849331140518188
0.9201857447624207
0.9565001130104065
0.9834240078926086
1.006163239479065
1.0283931493759155
1.055162787437439
1.089903473854065
1.1135581731796265
1.1445335149765015
1.1754543781280518
1.2101715803146362
1.2518548965454102
1.2882170677185059
1.317806601524353
1.3561676740646362
1.3829914331436157
1.4185818433761597
1.4504777193069458
1.4822227954864502
1.516228437423706
1.5493500232696533
1.5972685813903809
1.6026405096054077
1.5714333057403564
1.5723552703857422
1.575197696685791
1.5676112174987793
1.5650125741958618
1.5588961839675903
1.5517550706863403
1.5419793128967285
1.5406906604766846
1.516457438468933
1.4908292293548584
1.4633872509002686
1.5499640703201294
1.56840980052948
1.5817779302597046
1.6294533014297485
1.6630226373672485
1.745149850845337
1.8102972507476807
1.8695282936096191
1.8811403512954712
1.903761863708496
1.9374802112579346
1.9664376974105835
2.006016731262207
2.0434632301330566
2.066448926925659
2.1119890213012695
2.1688148975372314
2.217447280883789
2.307875871658325
2.4248054027557373
2.485867500305176
2.5265305042266846
2.5745019912719727
2.5914013385772705
2.606250286102295
2.6217832565307617
2.641845941543579
2.668246269226074
2.712150812149048
2.7471272945404053
2.791550874710083
2.826033592224121
2.8838491439819336
2.92441725730896
2.952587127685547
2.9789164066314697
3.0083601474761963
3.031099796295166
3.061011791229248
3.0896363258361816
3.1215004920959473
-3.1316699981689453
-3.1316699981689453
-3.102686643600464
-3.0469577312469482
-3.0469577312469482
-2.992307186126709
-2.944612503051758
-2.9203779697418213
-2.8827197551727295
-2.85444712638855
-2.678185224533081
-2.669933319091797
-2.540179967880249
-2.530787229537964
-2.491658926010132
-2.454674005508423
-2.4021353721618652
-2.3653669357299805
-2.3102965354919434
-2.2643918991088867
-2.2357490062713623
-2.2068018913269043
-2.16200590133667
-2.126955509185791
-2.0990676879882812
-2.048532724380493
-2.0107297897338867
-1.9217759370803833
-1.845078468322754
-1.757843017578125
-1.7009426355361938
-1.600799322128296
-1.5220947265625
-1.3784929513931274
-1.3559417724609375
-1.3833818435668945
-1.4577078819274902
-1.4454087018966675
-1.433903455734253
-1.4170503616333008
-1.3224300146102905
-1.2328940629959106
-1.019451379776001
-1.011572003364563
-1.0523546934127808
-1.058422327041626
-1.03435218334198
-0.6367234587669373
-0.45203763246536255
-0.389504611492157
-0.369678258895874
-0.34145447611808777
-0.2835002541542053
-0.2237151712179184
-0.18906347453594208
-0.17931167781352997
-0.15607774257659912
-0.14323309063911438
-0.09952807426452637
-0.08222465962171555
0.084532730281353
0.106257863342762
0.1517706662416458
0.17340406775474548
0.22124432027339935
0.2727070748806
0.31146323680877686
0.3597051799297333
0.373583048582077
0.40742650628089905
0.4445023238658905
0.4676448702812195
0.5071151256561279
0.5500088930130005
0.5903133749961853
0.6342210173606873
0.6818565130233765
0.7381768226623535
0.771481990814209
0.8463128209114075
0.9046421647071838
0.9538189768791199
1.0005286931991577
1.0640963315963745
1.2365845441818237
1.2495981454849243
1.2631571292877197
1.2882767915725708
1.353959321975708
1.4534380435943604
1.4758213758468628
1.521133542060852
1.7319790124893188
1.7499427795410156
1.8049235343933105
1.836796760559082
1.936845064163208
2.0302586555480957
2.2567191123962402
2.2749061584472656
2.4966952800750732
2.455868721008301
2.427581310272217
2.409937620162964
2.394040822982788
2.457261085510254
2.4836034774780273
2.5652480125427246
2.5958220958709717
2.668215751647949
2.6834168434143066
2.76898455619812
2.886936902999878
3.119144916534424
3.1365509033203125
-3.079772710800171
-3.0120654106140137
-2.80869460105896
-2.789862632751465
-2.789862632751465
-2.4767935276031494
-2.4644386768341064
-2.243825674057007
-2.2372145652770996
-2.2488632202148438
-2.2051267623901367
-2.194007635116577
-2.1734652519226074
-2.1306889057159424
-2.0427253246307373
-1.8398505449295044
-1.819913625717163
-1.6192841529846191
-1.5990983247756958
-1.4076316356658936
-1.3399300575256348
-1.3206151723861694
-1.214434027671814
-1.0455774068832397
-0.9612658023834229
-0.9331961870193481
-1.0202678442001343
-1.0124292373657227
-0.7644145488739014
-0.7000341415405273
-0.47870656847953796
-0.4737713932991028
-0.34820234775543213
-0.33689409494400024
-0.31274929642677307
-0.28948163986206055
-0.2631170451641083
-0.23019017279148102
-0.19896787405014038
-0.16286268830299377
-0.13292498886585236
-0.062112852931022644
-0.020902123302221298
0.024797700345516205
0.07651720941066742
0.13916008174419403
0.2165607511997223
0.2849513292312622
0.2849513292312622
0.35810771584510803
0.40806299448013306
0.46637922525405884
0.7159608602523804
0.9093007445335388
0.936252236366272
1.121120572090149
1.2332966327667236
1.2623473405838013
1.3082759380340576
1.337064504623413
1.3591289520263672