0.1364694982767105
0.11013327538967133
-0.6560112833976746
-0.5003881454467773
-1.7956511974334717
-2.31758713722229
-1.01753568649292
-1.3096283674240112
0.2585737705230713
-6.543353080749512
-6.220135688781738
-3.426102638244629
1.9249380826950073
1.6112977266311646
-1.7262194156646729
-0.1388636976480484
-1.8124107122421265
-4.72615385055542
8.099584579467773
-2.473210334777832
-3.4787750244140625
2.140416383743286
-3.1675288677215576
0.4405331015586853
-3.797203779220581
2.669534921646118
-2.5546131134033203
2.7964274883270264
5.274426460266113
-3.179499864578247
-0.009576806798577309
1.0127472877502441
-2.6431987285614014
2.6120738983154297
1.7166426181793213
3.4955344200134277
4.76924991607666
1.8626888990402222
-5.109226226806641
-1.2976572513580322
-1.8124107122421265
5.592854976654053
0.1412578970193863
-5.394136428833008
0.33518823981285095
-1.8195933103561401
-1.8722656965255737
1.0199298858642578
-0.9409212470054626
-5.209782600402832
4.050989151000977
0.2106897532939911
3.507505416870117
-9.39484691619873
3.8977603912353516
8.415618896484375
0.6823474764823914
1.422155737876892
5.451597213745117
-0.5602431893348694
-3.6176388263702393
0.5793967843055725
1.4724340438842773
2.760514497756958
2.2409727573394775
-2.5306711196899414
5.513846397399902
0.4405331015586853
3.3662474155426025
-2.8610708713531494
-6.684610843658447
-1.2114660739898682
4.094084739685059
0.4836287498474121
-2.9472622871398926
0.5195417404174805
-1.3910311460494995
-3.957615375518799
2.2864625453948975
-5.693411350250244
-2.7317841053009033
-0.2609679698944092
6.610390663146973
-4.888959884643555
5.853823184967041
-0.47644612193107605
-0.9768342971801758
-0.5554547905921936
2.1356279850006104
9.641449928283691
-3.064578056335449
10.022128105163574
-2.6120738983154297
-1.5945383310317993
-5.262455463409424
0.5889735817909241
3.9432501792907715
1.1635819673538208
5.772420406341553
-0.9313444495201111
-3.2800562381744385
6.167463302612305
-7.613561153411865
-1.9273322820663452
-2.7533318996429443
4.10366153717041
3.2561142444610596
3.093308448791504
1.4844050407409668
-2.602497100830078
1.091755986213684
-1.5322890281677246
-1.455674648284912
-5.6191911697387695
-4.393360137939453
4.065354347229004
1.137245774269104
8.17380428314209
6.584054470062256
-0.24899697303771973
-5.03021764755249
2.671929121017456
5.250484466552734
-5.485116004943848
1.7788918018341064
1.8124107122421265
5.2672438621521
-3.2992098331451416
-1.2952630519866943
-1.2952630519866943
5.506663799285889
5.506663799285889
0.5171475410461426
9.351751327514648
9.351751327514648
-2.3104045391082764
-2.3104045391082764
-2.3104045391082764
-2.3104045391082764
-2.3104045391082764
-2.3104045391082764
-2.3104045391082764
1.5298948287963867
1.5298948287963867
-4.678269863128662
-4.678269863128662
-0.004788403399288654
-0.004788403399288654
-2.449268341064453
2.827552080154419
0.16519992053508759
2.513911724090576
-2.937685489654541
-5.34625244140625
4.520252704620361
-5.501875400543213
-4.505887508392334
2.0614075660705566
-3.622427225112915
-6.876147270202637
3.6343982219696045
-7.129932403564453
-3.6966474056243896
0.6248866319656372
0.6248866319656372
-7.422025203704834
-4.865017890930176
-4.110844135284424
2.1811177730560303
2.4899697303771973
5.056553840637207
-0.24899697303771973
0.09576806426048279
1.2258312702178955
-4.273650169372559
4.153939723968506
0.21308395266532898
4.479551315307617
-0.06464344263076782
-0.06464344263076782
2.7054479122161865
7.2089409828186035
1.4628572463989258
1.4628572463989258
1.4628572463989258
1.4628572463989258
1.4628572463989258
1.4628572463989258
1.4628572463989258
-3.2537200450897217
-3.2537200450897217
-3.2537200450897217
3.643975019454956
3.643975019454956
3.643975019454956
3.643975019454956
3.643975019454956
3.643975019454956
2.935291290283203
1.2856862545013428
2.8179752826690674
2.1547815799713135
-0.569819986820221
1.8842366933822632
-5.353435039520264
0.17477671802043915
1.1516109704971313
2.5067291259765625
-2.3319523334503174
-3.778050184249878
7.216123580932617
-0.29448679089546204
0.8643068075180054
0.8643068075180054
-1.721431016921997
-1.9608511924743652
0.33039984107017517
5.382165431976318
-0.7062894701957703
-1.0295066833496094
1.0965443849563599
2.406172752380371
2.5761609077453613
-3.3854012489318848
0.833182156085968
1.8171991109848022
4.448426723480225
-5.506663799285889
1.8195933103561401
-2.1068973541259766
2.1523873805999756
3.928884983062744
4.072536945343018
1.1707645654678345
-4.10366153717041
-1.1180921792984009
0.014365210197865963
-2.942473888397217
4.010287761688232
0.9720458984375
-2.056619167327881
-6.00226354598999
1.4173673391342163
3.332728624343872
-1.3694833517074585
-4.55616569519043
-1.745373010635376
-1.139639973640442
-1.7070658206939697
3.579331398010254
-5.2911858558654785
7.987056732177734
-1.5083470344543457
-2.5234885215759277
0.912190854549408
-5.774814605712891
-1.7525556087493896
0.2849099934101105
-1.3239935636520386
-0.12210428714752197
8.552088737487793
-4.850652694702148
7.936778545379639
-13.807360649108887
0.8044517636299133
-7.620743751525879
0.038307227194309235
6.916848659515381
6.916848659515381
3.2609026432037354
-1.4867992401123047
4.721365451812744
3.1028852462768555
0.24181437492370605
1.7334020137786865
-1.2761094570159912
1.4077905416488647
5.152321815490723
-5.329493045806885
-2.8610708713531494
-3.648763418197632
1.01753568649292
6.742072105407715
-0.5817909836769104
-0.591367781162262
2.6001029014587402
-5.650315761566162
-3.8522703647613525
5.094861030578613
6.435614109039307
1.0965443849563599
3.840299367904663
2.9688100814819336
-0.6823474764823914
-3.5673604011535645
1.9225438833236694
5.04218864440918
3.869029998779297
0.22744916379451752
0.4572925269603729
-2.070984363555908
-2.408566951751709
2.2697031497955322
1.3527239561080933
1.8722656965255737
3.201047658920288
6.8162922859191895
6.8162922859191895
2.032677173614502
0.6200982332229614
1.8028337955474854
4.390965938568115
1.8962076902389526
5.341464042663574
2.2864625453948975
4.261679172515869
0.8810662031173706
3.3399112224578857
1.6927006244659424
3.758896589279175
-0.8307879567146301
4.259284973144531
-1.2713210582733154
2.2194249629974365
3.0310592651367188
-3.050212860107422
1.2856862545013428
-4.398148536682129
-4.355052947998047
-3.706224203109741
3.8307225704193115
-3.8810009956359863
-0.9074024558067322
0.15083470940589905
0.49799394607543945
0.3280056416988373
0.181959331035614
-0.0071826050989329815
-0.4884171485900879
-2.161964178085327
0.711077868938446
-1.2018892765045166
-0.48602294921875
1.5514426231384277
5.509057998657227
-1.0989385843276978
-1.7357962131500244
1.0055646896362305
-1.1875240802764893
0.24899697303771973
-0.1628057062625885
0.038307227194309235
0.2753331959247589
0.8188169598579407
0.545877993106842
0.07661445438861847
0.5602431893348694
0.8140285611152649
-0.7541735172271729
0.31124621629714966
0.5482721924781799
-0.15322890877723694
-4.050989151000977
-1.2210428714752197
0.24420857429504395
-3.648763418197632
-1.7932569980621338
-0.8236053586006165
-1.8698714971542358
-1.8818424940109253
-0.9193734526634216
-7.802703380584717
0.35673603415489197
-8.274360656738281
-4.333505153656006
-1.8411411046981812
1.6855180263519287
11.980585098266602
4.347870349884033
8.844181060791016
-2.0685901641845703
2.2361843585968018
-9.694122314453125
-1.944091796875
-4.989516258239746
-3.155557870864868
-10.611102104187012
2.9089550971984863
1.0079588890075684
-2.2433669567108154
-2.2433669567108154
1.2617442607879639
3.957615375518799
0.912190854549408
1.2066776752471924
2.7724854946136475
1.0103530883789062
8.147468566894531
1.7094600200653076
3.797203779220581
-4.213794708251953
13.898340225219727