0.54931640625
0.42724609375
0.42724609375
-2.0751953125
0.67138671875
-2.685546875
-0.732421875
-3.5400390625
-5.7373046875
-0.67138671875
-4.69970703125
-5.859375
-1.64794921875
-4.0283203125
-6.77490234375
-4.82177734375
-1.03759765625
-5.126953125
-4.08935546875
1.40380859375
-7.26318359375
-11.29150390625
-9.70458984375
-8.544921875
-10.6201171875
-4.21142578125
-4.94384765625
-8.056640625
-4.39453125
-0.3662109375
-6.77490234375
-8.60595703125
-6.103515625
-9.765625
-11.04736328125
-20.08056640625
-26.06201171875
-22.4609375
-21.6064453125
-20.81298828125
-21.30126953125
-19.775390625
-18.5546875
-22.27783203125
-20.6298828125
-19.59228515625
-23.25439453125
-31.73828125
-33.203125
-31.92138671875
-44.12841796875
-48.52294921875
-47.2412109375
-52.490234375
-52.6123046875
-58.349609375
-47.4853515625
-52.978515625
-8.23974609375
-8.85009765625
2.8076171875
-4.82177734375
-7.568359375
-5.615234375
28.86962890625
-1.40380859375
-9.27734375
4.57763671875
-4.45556640625
0.0
-30.1513671875
-45.83740234375
-53.40576171875
-54.3212890625
-53.466796875
-52.67333984375
-57.6171875
-54.19921875
-59.326171875
-50.23193359375
-53.52783203125
-54.19921875
-5.43212890625
2.685546875
-8.48388671875
2.01416015625
-5.7373046875
-7.75146484375
-2.9296875
-6.40869140625
-9.46044921875
-34.48486328125
-42.8466796875
-40.95458984375
-39.48974609375
-34.66796875
-33.99658203125
-37.53662109375
-38.9404296875
-7.32421875
-5.18798828125
-28.01513671875
2.197265625
-23.01025390625
-31.8603515625
-39.24560546875
-36.68212890625
-36.2548828125
-39.61181640625
-41.1376953125
-37.65869140625
-35.5224609375
-36.68212890625
-39.0625
-7.50732421875
-7.01904296875
-7.26318359375
-4.33349609375
4.82177734375
14.6484375
26.85546875
21.42333984375
27.52685546875
23.8037109375
23.4375
17.333984375
20.3857421875
26.06201171875
26.3671875
21.8505859375
25.2685546875
25.2685546875
27.64892578125
27.7099609375
28.3203125
24.59716796875
6.2255859375
-13.00048828125
-34.85107421875
-43.88427734375
-42.3583984375
-47.42431640625
-43.9453125
-46.38671875
-40.6494140625
-39.48974609375
-42.724609375
-39.12353515625
-2.74658203125
-24.7802734375
-27.03857421875
-31.982421875
-33.50830078125
-35.94970703125
-52.67333984375
-47.7294921875
-48.03466796875
-8.60595703125
-26.3671875
-39.97802734375
-35.7666015625
-33.75244140625
-31.79931640625
-32.3486328125
-32.3486328125
-34.24072265625
-23.86474609375
-33.50830078125
-33.5693359375
-32.8369140625
-34.5458984375
-36.62109375
-40.58837890625
-39.73388671875
-32.40966796875
-32.40966796875
-3.84521484375
-2.8076171875
1.220703125
-1.89208984375
-12.8173828125
-30.94482421875
-30.029296875
-29.72412109375
-27.83203125
-23.0712890625
-27.83203125
-26.79443359375
-32.77587890625
-25.32958984375
-30.3955078125
-37.78076171875
-47.54638671875
-44.189453125
-41.44287109375
-47.36328125
-48.828125
-47.79052734375
-41.44287109375
-43.02978515625
-11.5966796875
-3.173828125
-6.77490234375
-12.02392578125
-6.16455078125
-12.51220703125
-6.53076171875
-7.32421875
-0.9765625
-3.90625
-15.31982421875
-21.91162109375
-19.1650390625
-19.47021484375
-8.1787109375
1.64794921875
14.5263671875
67.138671875
-1.77001953125
-8.1787109375
-16.90673828125
-54.0771484375
-58.4716796875
-55.72509765625
-63.29345703125
-64.02587890625
-70.1904296875
-64.208984375
-61.8896484375
-64.51416015625
-55.419921875
-53.22265625
-47.42431640625
-10.1318359375
74.3408203125
5.43212890625
-7.26318359375
-40.58837890625
-9.58251953125
-29.78515625
-62.80517578125
-50.23193359375
-15.9912109375
-40.10009765625
-5.92041015625
-5.92041015625
-14.58740234375
-59.99755859375
-59.5703125
-61.09619140625
-31.1279296875
34.36279296875
81.48193359375
58.2275390625
-42.29736328125
-72.69287109375
-51.513671875
35.09521484375
98.0224609375
-6.34765625
0.1220703125
-1.8310546875
41.015625
72.32666015625
24.2919921875
50.29296875
-19.775390625
-37.59765625
-37.59765625
-70.37353515625
-72.32666015625
-73.05908203125
-69.88525390625
-69.39697265625
-71.96044921875
-65.61279296875
-65.185546875
-49.01123046875
-38.51318359375
-40.283203125
-9.033203125
-2.5634765625
-71.47216796875
-77.5146484375
-73.05908203125
-43.76220703125
41.80908203125
-0.42724609375
11.29150390625
-42.48046875
-78.9794921875
-80.56640625
-92.59033203125
-15.13671875
-13.427734375
-42.1142578125
-73.73046875
-79.77294921875
-7.32421875
-2.9296875
31.18896484375
0.732421875
6.8359375
-8.6669921875
-7.4462890625
7.6904296875
-10.6201171875
-10.6201171875
-16.17431640625
-15.93017578125
-26.67236328125
-37.9638671875
-32.1044921875
-53.466796875
-53.1005859375
-58.89892578125
-51.1474609375
-40.283203125
-35.2783203125
-34.97314453125
-29.78515625
-31.18896484375
-34.72900390625
-30.029296875
-36.80419921875
-30.09033203125
-32.89794921875
-33.3251953125
-37.4755859375
-17.39501953125
4.33349609375
2.86865234375
-10.6201171875
-9.8876953125
1.46484375
5.37109375
3.23486328125
2.5634765625
-0.1220703125
-9.46044921875
-19.10400390625
-18.310546875
-28.4423828125
-45.0439453125
-37.4755859375
-40.83251953125
-10.31494140625
0.67138671875
-8.30078125
3.60107421875
-0.42724609375
-12.6953125
-9.1552734375
-3.11279296875
-6.16455078125
-10.43701171875
-11.41357421875
-9.27734375
-7.568359375
-0.1220703125
-2.13623046875
-0.18310546875
-7.080078125
-23.98681640625
-72.69287109375
-60.546875
-50.048828125
-4.57763671875
-6.9580078125
-13.0615234375
-53.64990234375
-59.14306640625
-6.7138671875
-8.7890625
-20.1416015625
1.64794921875
1.03759765625
12.75634765625
74.40185546875
91.552734375
96.74072265625
101.50146484375
4.0283203125
-65.0634765625
-81.72607421875
-58.53271484375
38.14697265625
-0.30517578125
-42.48046875
-55.60302734375
-55.60302734375
-81.97021484375
-69.51904296875
-74.21875
-77.63671875
-55.48095703125
-19.22607421875
-8.97216796875
-70.556640625
-81.787109375
-101.25732421875
-1.46484375