0.427246
0.488281
0.366211
0.488281
0.671387
0.488281
0.366211
0.305176
0.427246
0.305176
0.366211
0.488281
0.427246
1.831055
2.990723
-3.967285
1.586914
-4.638672
-3.723145
-1.159668
-1.464844
-5.187988
-0.305176
12.634277
13.427734
11.413574
7.263184
15.747070
26.184082
26.672363
60.791016
63.720703
74.768066
85.388184
60.363770
39.733887
30.456543
25.573730
34.484863
23.254395
24.841309
27.648926
17.883301
18.737793
18.920898
19.348145
20.446777
24.719238
28.320312
30.334473
26.611328
39.367676
39.489746
21.423340
17.883301
7.019043
2.685547
-15.808105
-20.874023
-6.774902
-17.150879
-15.747070
-9.826660
-7.019043
-8.117676
-37.170410
-51.513672
-45.532227
-43.334961
-44.067383
-12.634277
-11.779785
-6.774902
-4.577637
-7.385254
-44.128418
-12.451172
-1.159668
-0.793457
-2.563477
53.161621
34.240723
3.540039
10.070801
47.607422
62.194824
45.166016
31.494141
15.625000
8.850098
4.577637
18.920898
24.475098
38.208008
80.444336
88.073730
87.219238
81.298828
41.076660
10.742188
-0.976562
9.155273
13.427734
7.385254
3.112793
8.911133
9.948730
9.033203
4.455566
-1.647949
28.442383
65.917969
66.833496
74.645996
68.054199
57.617188
10.192871
6.713867
9.521484
8.178711
-1.342773
2.685547
86.669922
52.062988
8.911133
-0.244141
-6.103516
-2.563477
-4.028320
-4.821777
-5.859375
-8.544922
-5.798340
-2.258301
-1.770020
-1.342773
1.220703
-0.366211
-11.108398
-3.784180
-1.953125
-8.789062
45.837402
16.418457
19.653320
84.777832
-12.695312
-8.544922
-14.465332
-4.577637
-0.610352
-4.943848
102.050781
98.449707
100.158691
101.623535
105.590820
84.655762
12.390137
2.746582
10.253906
0.244141
6.469727
69.885254
63.720703
43.273926
39.489746
14.526367
10.925293
-8.666992
5.126953
6.958008
-15.563965
-9.216309
-16.906738
-8.483887
-14.892578
-14.648438
-7.202148
1.220703
-1.953125
57.312012
49.377441
6.835938
11.413574
4.882812
3.784180
0.793457
4.089355
-27.343750
-47.363281
-4.455566
-2.136230
-6.713867
-3.662109
-3.601074
-2.685547
-5.920410
17.456055
50.354004
29.296875
8.850098
3.784180
2.685547
3.479004
6.958008
2.075195
0.793457
2.136230
0.000000
6.713867
1.586914
29.541016
29.602051
26.123047
36.437988
50.598145
69.946289
69.274902
73.120117
69.091797
74.340820
75.195312
72.326660
65.490723
5.676270
5.798340
-0.244141
-10.009766
-7.019043
-4.638672
32.287598
4.882812
4.760742
7.690430
1.037598
4.760742
0.244141
3.356934
6.713867
1.525879
2.441406
2.136230
20.446777
69.702148
22.277832
5.249023
2.685547
4.577637
-1.159668
-3.723145
-4.150391
-53.833008
-9.216309
-4.516602
-3.906250
11.169434
59.875488
64.636230
9.826660
66.589355
67.626953
72.875977
76.049805
81.115723
70.129395
37.963867
13.610840
4.943848
8.850098
-1.220703
0.061035
-0.610352
33.874512
66.650391
74.584961
71.289062
34.179688
5.920410
5.432129
7.263184
3.601074
-37.719727
-23.376465
-13.122559
-2.990723
-32.958984
-8.422852
-8.422852
-46.020508
-30.761719
-2.868652
-36.865234
-47.607422
-53.649902
-27.160645
-6.958008
-9.460449
-36.682129
-4.699707
-4.089355
-18.249512
-36.743164
-9.887695
-7.141113
4.333496
-16.357422
-8.483887
-6.958008
-3.173828
3.051758
11.962891
26.306152
9.704590
-4.272461
24.230957
54.138184
59.204102
18.554688
22.766113
68.725586
57.250977
29.296875
6.835938
42.297363
57.617188
27.038574
-0.427246
-15.380859
23.193359
35.949707
39.794922
46.875000
24.475098
8.483887
-28.503418
-32.531738
-13.122559
7.934570
1.892090
3.723145
0.671387
0.488281
0.305176
-2.563477
0.671387
0.366211
0.366211
0.366211
0.488281
0.549316
0.671387
0.366211
-0.854492
-0.244141
1.342773
0.854492
1.464844
-0.244141
0.671387
0.427246
0.488281
0.488281
0.366211
0.488281
0.305176