0.488281
0.488281
0.488281
0.427246
0.549316
0.488281
0.488281
0.427246
0.549316
0.427246
0.427246
-2.075195
0.671387
-2.685547
-0.732422
-3.540039
-5.737305
-0.671387
-4.699707
-5.859375
-1.647949
-4.028320
-6.774902
-4.821777
-1.037598
-5.126953
-4.089355
1.403809
-7.263184
-11.291504
-9.704590
-8.544922
-10.620117
-4.211426
-4.943848
-8.056641
-4.394531
-0.366211
-6.774902
-8.605957
-5.493164
-9.765625
-11.047363
-20.080566
-26.062012
-22.460938
-21.606445
-20.812988
-21.301270
-19.775391
-18.554688
-22.277832
-20.629883
-19.592285
-23.254395
-31.738281
-33.203125
-31.921387
-44.128418
-48.522949
-47.241211
-52.490234
-52.612305
-58.349609
-47.485352
-52.978516
-48.278809
-45.898438
-8.239746
-8.850098
34.606934
69.702148
6.164551
-4.272461
-4.760742
0.305176
5.371094
2.441406
2.807617
-0.183105
-43.029785
-18.493652
-11.840820
-7.446289
-4.150391
-4.821777
-6.713867
-35.278320
-8.544922
-7.568359
-5.615234
28.869629
59.448242
71.594238
6.469727
-1.403809
0.000000
-48.156738
-14.831543
-7.446289
-9.277344
10.070801
43.518066
7.141113
2.563477
2.685547
3.234863
5.126953
0.671387
4.577637
-10.009766
-48.767090
-14.831543
-8.789062
-10.925293
-5.676270
-6.835938
-7.568359
-4.089355
-10.559082
-4.455566
-7.629395
-27.099609
-6.469727
-7.446289
0.000000
-30.151367
-45.837402
-53.405762
-54.321289
-53.466797
-52.673340
-57.617188
-54.199219
-59.326172
-50.231934
-53.527832
-54.199219
-52.490234
-25.085449
-9.460449
-2.014160
-10.986328
2.929688
-8.850098
-3.601074
-8.117676
-7.019043
-2.319336
-5.432129
44.433594
2.807617
1.464844
-2.685547
-1.220703
1.586914
0.488281
3.662109
0.671387
-1.098633
2.685547
-11.169434
-44.006348
-11.047363
-6.774902
-6.469727
-8.483887
-10.803223
52.917480
4.882812
3.601074
2.014160
-10.925293
-48.522949
-7.873535
-7.080078
-11.596680
-5.737305
-7.995605
-3.906250
-7.751465
-2.929688
-11.352539
-9.460449
-34.484863
-42.846680
-40.954590
-39.489746
-34.667969
-33.996582
-37.536621
-33.325195
-34.301758
-24.108887
-9.582520
-5.249023
-6.469727
-5.187988
-28.015137
-49.682617
-8.789062
2.197266
-23.010254
-31.860352
-39.245605
-36.682129
-35.217285
-39.611816
-35.827637
-37.658691
-35.522461
-36.682129
-39.062500
-35.522461
-26.916504
-9.887695
-4.943848
-7.507324
-9.277344
-19.409180
-10.925293
-7.263184
-10.803223
-50.109863
-12.756348
-11.657715
-15.930176
-11.779785
-4.394531
-4.821777
-3.723145
-6.713867
-12.329102
-1.159668
-7.751465
-4.333496
4.821777
14.648438
26.855469
21.423340
27.526855
23.803711
23.437500
17.333984
20.385742
26.062012
26.367188
21.850586
25.268555
25.268555
27.648926
27.709961
28.320312
30.029297
24.597168
6.225586
-13.000488
-34.851074
-43.884277
-42.358398
-47.424316
-43.945312
-46.386719
-40.649414
-39.489746
-42.724609
-39.123535
-39.428711
-11.108398
-11.108398
-2.868652
-2.746582
-24.780273
-27.038574
-30.578613
-33.508301
-35.949707
-52.673340
-47.729492
-48.034668
-53.100586
-31.372070
-11.413574
-6.958008
-7.263184
0.854492
-5.187988
-8.178711
0.183105
-1.098633
-2.319336
-5.432129
-6.958008
-5.981445
-0.183105
-9.582520
-13.793945
-12.023926
-11.108398
-10.681152
-2.929688
-4.150391
-4.821777
-10.864258
-2.136230
-6.286621
-2.502441
-3.051758
-6.347656
-5.554199
-5.493164
-8.605957
-26.367188
-39.978027
-35.766602
-33.752441
-31.799316
-32.348633
-32.348633
-34.240723
-23.864746
-33.508301
-33.569336
-32.836914
-34.545898
-36.621094
-40.588379
-39.733887
-32.409668
-32.409668
-31.677246
-10.681152
-13.244629
-11.291504
-7.568359
-3.662109
-0.305176
-4.211426
-4.150391
-0.488281
-5.126953
-5.249023
-9.643555
-2.868652
-5.249023
1.342773
-5.920410
-4.394531
-2.746582
-5.187988
-2.136230
-12.145996
-4.821777
-6.225586
0.000000
-1.647949
-3.845215
11.962891
-0.122070
4.577637
0.244141
-0.122070
-0.122070
0.793457
1.403809
6.469727
-6.835938
-1.586914
-8.178711
-3.967285
-2.441406
0.549316
0.122070
1.525879
5.004883
-2.807617
1.342773
62.927246
9.155273
2.685547
0.549316
2.502441
0.183105
2.746582
1.220703
-1.892090
-12.817383
-30.944824
-30.029297
-29.724121
-27.832031
-23.071289
-27.832031
-26.794434
-32.775879
-25.329590
-30.395508
-37.780762
-47.546387
-44.189453
-41.442871
-47.363281
-48.828125
-47.790527
-41.442871
-43.029785
-42.358398
-26.977539
-9.887695
-6.774902
-11.596680
-3.173828
-6.774902
-12.023926
-6.164551
-12.512207
-6.530762
-7.324219
-1.647949
-3.906250
-15.319824
-21.911621
-19.165039
-19.470215
-24.780273
-8.605957
-14.587402
-1.342773
-4.516602
-0.732422
-0.549316
-4.882812
-1.464844
-6.958008
-4.516602
-8.178711
8.239746
32.897949
21.118164
1.708984
0.244141
1.647949
14.526367
67.138672
74.401855
66.711426
-1.770020
-8.178711
-16.906738
-54.077148
-58.471680
-55.236816
-63.293457
-64.025879
-70.190430
-68.420410
-61.889648
-64.514160
-55.419922
-53.222656
-47.424316
-10.131836
74.340820
57.373047
5.432129
-7.263184
-40.588379
-58.959961
-49.072266
-5.615234
-9.582520
-29.785156
-62.805176
-57.678223
-50.231934
-15.991211
-40.100098
-63.415527
-39.611816
-8.056641
-5.920410
-50.842285
-42.846680
-5.920410
-14.587402
-59.997559
-59.570312
-61.096191
-59.753418
-31.127930
34.362793
81.481934
84.960938
58.227539
-42.297363
-72.692871
-70.556641
-51.513672
35.095215
98.022461
86.364746
58.044434
-6.347656
-7.263184
-1.831055
41.015625
82.885742
72.326660
24.291992
94.604492
50.292969
-19.775391
-37.597656
-37.597656
-70.373535
-72.326660
-73.059082
-69.885254
-74.707031
-71.960449
-65.612793
-65.185547
-49.011230
-38.513184
-40.283203
-21.911621
-2.014160
-8.666992
-12.084961
-9.033203
-2.563477
-71.472168
-77.514648
-62.194824
-56.091309
-43.762207
-11.962891
85.388184
41.809082
8.056641
25.146484
4.882812
0.793457
0.305176
-1.525879
-0.244141
-1.098633
4.577637
-3.173828
-0.427246
11.291504
-42.480469
-78.979492
-84.716797
-92.590332
-82.519531
-84.045410
-15.136719
-13.427734
-42.114258
-73.730469
-79.772949
-80.017090
-72.998047
-43.945312
-16.662598
-7.324219
-2.929688
1.647949
56.762695
31.188965
9.948730
8.850098
2.502441
-5.798340
-4.882812
0.732422
2.380371
8.056641
2.685547
-1.647949
6.713867
6.835938
-8.666992
-52.490234
-32.531738
-32.531738
-12.939453
-20.935059
-8.361816
-3.479004
-2.624512
2.197266
-4.333496
-12.268066
-6.530762
-7.446289
7.690430
37.292480
15.075684
3.601074
0.976562
0.183105
0.366211
0.732422
0.671387
0.183105
1.220703
0.488281
0.366211
0.366211
0.183105
0.366211
2.807617
0.122070
4.699707
11.169434
-10.620117
-10.620117
-16.174316
-15.930176
-26.672363
-37.963867
-32.104492
-53.466797
-53.100586
-58.898926
-51.147461
-40.283203
-35.278320
-34.973145
-32.775879
-31.188965
-34.729004
-30.029297
-36.804199
-30.090332
-32.897949
-33.325195
-37.475586
-22.338867
-9.155273
-6.408691
-7.141113
-7.080078
-1.403809
-5.920410
1.342773
-0.671387
-3.601074
-2.624512
-7.263184
-6.591797
-6.225586
-17.395020
37.170410
20.507812
-2.014160
2.380371
4.089355
4.333496
-24.597168
-12.268066
-8.728027
-10.986328
-8.239746
-13.305664
-6.042480
-9.033203
-7.019043
-7.385254
-1.281738
-6.835938
2.868652
0.061035
-2.197266
-3.723145
-0.671387
-6.103516
-7.202148
-10.192871
-10.131836
-10.620117
-9.887695
1.464844
5.371094
3.234863
2.563477
-0.122070
-9.460449
-19.104004
-18.310547
-28.442383
-45.043945
-37.475586
-40.832520
-10.314941
-2.197266
18.554688
0.305176
11.535645
0.671387
2.746582
-8.300781
3.601074
-0.427246
-12.695312
-9.155273
-3.112793
-6.164551
-10.437012
-11.413574
-9.277344
-7.568359
-3.845215
-3.051758
-0.122070
-2.136230
0.244141
1.342773
1.586914
3.906250
-0.183105
-7.080078
-23.986816
-72.692871
-60.546875
-50.048828
-65.124512
-47.790527
-14.099121
-4.577637
-6.958008
-13.061523
-53.649902
-59.143066
-58.715820
-54.565430
-8.666992
-3.967285
-4.882812
-6.713867
-7.263184
-63.476562
-11.718750
-8.789062
-20.141602
-80.688477
-84.716797
-8.239746
1.647949
-13.549805
83.374023
8.605957
1.037598
12.756348
74.401855
91.552734
96.740723
101.501465
4.028320
-65.063477
-81.726074
-73.364258
-58.532715
38.146973
92.285156
0.000000
-0.305176
-42.480469
-55.603027
-78.369141
-81.970215
-69.519043
-74.218750
-77.636719
-55.480957
-55.480957
-8.850098
-19.226074
-8.972168
-70.556641
-81.787109
-101.257324
-76.293945
-12.145996
-2.014160
73.364258
4.882812
8.056641
1.342773
2.807617
1.770020
2.136230
-1.220703
3.112793
-0.732422
-1.953125
0.793457
1.220703
0.671387
0.122070
0.305176