-0.000000
-0.000000
-0.000000
-0.000000
-0.000000
-0.000000
-0.000000
-0.000000
-0.014994
-0.014994
-0.014994
-0.014994
-0.014994
-0.017986
-0.017986
-0.017986
-0.017986
-0.017986
-0.014994
-0.014994
-0.017986
-0.020986
-0.020986
-0.020986
-0.020986
-0.020986
-0.020986
-0.020986
-0.020986
-0.020986
-0.020986
-0.020986
-0.020986
-0.020986
-0.020986
-0.020986
-0.020986
-0.020986
-0.020986
-0.023987
-0.023987
-0.035980
-0.071970
-0.071970
-0.071970
-0.071970
-0.071970
-0.071970
-0.071970
-0.071970
-0.071970
-0.071970
-0.071970
-0.116952
-0.116952
-0.116952
-0.164934
-0.179929
-0.179929
-0.218918
-0.251907
-0.191931
-0.173936
-0.176937
-0.155942
-0.077971
-0.000000
-0.000000
0.077980
0.188939
-0.000000
-0.000000
-0.000000
-0.000000
-0.000000
-0.000000
-0.000000
-0.000000
-0.161934
-0.000000
-0.000000
-0.000000
-0.000000
-0.000000
-0.000000
-0.107959
-0.000000
-0.000000
-0.000000
0.023996
0.290888
0.290888
-0.000000
-0.000000
-0.000000
-0.236913
-0.000000
-0.000000
-0.000000
-0.000000
0.290888
-0.000000
-0.000000
-0.000000
-0.000000
-0.000000
-0.000000
-0.000000
-0.000000
-0.149940
-0.000000
-0.000000
-0.000000
-0.000000
-0.000000
-0.000000
-0.000000
-0.000000
-0.000000
-0.000000
-0.089964
-0.000000
-0.000000
-0.000000
-0.000000
-0.152941
-0.152941
-0.206925
-0.203924
-0.203924
-0.203924
-0.203924
-0.200924
-0.200924
-0.200924
-0.200924
-0.200924
-0.191931
-0.000000
-0.000000
-0.000000
-0.000000
-0.000000
-0.000000
-0.000000
-0.000000
-0.000000
-0.000000
-0.000000
0.158951
-0.000000
-0.000000
-0.000000
-0.000000
-0.000000
-0.000000
-0.000000
-0.000000
-0.000000
-0.000000
-0.197923
-0.000000
-0.000000
-0.000000
-0.000000
-0.000000
0.290888
-0.000000
-0.000000
-0.000000
-0.000000
-0.209925
-0.000000
-0.000000
-0.000000
-0.000000
-0.000000
-0.005992
-0.000000
-0.000000
-0.005992
-0.008993
-0.062977
-0.128954
-0.110959
-0.104958
-0.092965
-0.089964
-0.089964
-0.089964
-0.092965
-0.071970
-0.000000
-0.000000
-0.000000
-0.000000
-0.086964
-0.239914
-0.014994
-0.000000
-0.000000
-0.119952
-0.116952
-0.116952
-0.116952
-0.116952
-0.116952
-0.116952
-0.113951
-0.110959
-0.110959
-0.092965
-0.065968
-0.000000
-0.000000
-0.000000
-0.000000
-0.122953
-0.000000
-0.000000
-0.005992
-0.215918
-0.000000
-0.000000
-0.000000
-0.000000
-0.000000
-0.000000
-0.000000
-0.000000
-0.000000
-0.000000
-0.000000
-0.000000
-0.000000
0.050983
0.065977
0.074979
0.092974
0.086973
0.068978
0.068978
0.068978
0.068978
0.068978
0.068978
0.068978
0.068978
0.071979
0.068978
0.068978
0.071979
0.068978
-0.000000
-0.047983
-0.146940
-0.134946
-0.128954
-0.128954
-0.128954
-0.128954
-0.107959
-0.104958
-0.104958
-0.104958
-0.104958
-0.095965
-0.000000
-0.000000
-0.000000
-0.000000
-0.092965
-0.092965
-0.092965
-0.092965
-0.125954
-0.191931
-0.287896
-0.290888
-0.173936
-0.000000
-0.000000
-0.000000
-0.000000
-0.000000
-0.000000
-0.000000
-0.000000
-0.000000
-0.000000
-0.000000
-0.000000
-0.000000
-0.000000
-0.000000
-0.000000
-0.000000
-0.000000
-0.000000
-0.000000
-0.000000
-0.000000
-0.000000
-0.000000
-0.000000
-0.000000
-0.000000
-0.000000
-0.000000
-0.000000
-0.000000
-0.122953
-0.137947
-0.134946
-0.134946
-0.134946
-0.134946
-0.134946
-0.134946
-0.134946
-0.134946
-0.134946
-0.134946
-0.140948
-0.143948
-0.143948
-0.143948
-0.125954
-0.128954
-0.116952
-0.000000
-0.000000
-0.000000
-0.000000
-0.000000
-0.000000
-0.000000
-0.000000
-0.000000
-0.000000
-0.000000
-0.000000
-0.000000
-0.000000
-0.000000
-0.000000
-0.000000
-0.000000
-0.000000
-0.000000
-0.000000
-0.000000
-0.000000
-0.000000
-0.000000
-0.000000
0.050983
-0.000000
-0.000000
-0.000000
-0.000000
-0.000000
-0.000000
-0.000000
-0.000000
-0.000000
-0.000000
-0.000000
-0.000000
-0.000000
-0.000000
-0.000000
-0.000000
-0.000000
-0.000000
0.185939
-0.000000
-0.000000
-0.000000
-0.000000
-0.000000
-0.000000
-0.000000
-0.000000
-0.020986
-0.095965
-0.104958
-0.104958
-0.104958
-0.104958
-0.104958
-0.104958
-0.104958
-0.104958
-0.104958
-0.113951
-0.155942
-0.170936
-0.167935
-0.167935
-0.167935
-0.167935
-0.167935
-0.167935
-0.167935
-0.167935
-0.000000
-0.000000
-0.000000
-0.000000
-0.014994
-0.035980
-0.035980
-0.014994
-0.014994
-0.014994
-0.014994
-0.002992
-0.008993
-0.053975
-0.053975
-0.053975
-0.053975
-0.035980
-0.000000
-0.000000
-0.000000
-0.000000
-0.000000
-0.000000
-0.000000
-0.000000
-0.000000
-0.000000
-0.000000
0.119961
-0.000000
-0.000000
-0.000000
-0.000000
-0.000000
0.149949
0.239922
0.224928
-0.000000
-0.000000
-0.044982
-0.290888
-0.290888
-0.290888
-0.224920
-0.224920
-0.290888
-0.290888
-0.290888
-0.197923
-0.155942
-0.152941
-0.191931
-0.086964
0.290888
0.290888
0.095974
-0.000000
-0.017986
-0.230912
-0.290888
-0.000000
-0.000000
-0.000000
-0.272902
-0.272902
-0.275894
-0.000000
-0.008993
-0.188930
-0.242905
-0.000000
-0.000000
-0.000000
-0.200924
-0.000000
-0.000000
-0.143948
-0.206925
-0.209925
-0.149940
-0.134946
-0.000000
0.290888
0.290888
0.197932
-0.000000
-0.149940
-0.257908
-0.263900
-0.000000
0.290888
0.290888
0.290888
-0.000000
-0.000000
0.015003
0.032989
0.146949
0.275903
-0.000000
0.176946
0.251916
-0.000000
-0.056976
-0.086964
-0.290888
-0.290888
-0.290888
-0.290888
-0.290888
-0.290888
-0.290888
-0.290888
-0.104958
-0.083963
-0.077971
-0.110959
-0.002992
-0.000000
-0.000000
-0.000000
-0.000000
-0.182929
-0.185930
-0.161934
-0.080963
-0.068969
-0.000000
0.290888
-0.000000
-0.000000
0.047992
-0.000000
-0.000000
-0.000000
-0.000000
-0.000000
-0.000000
-0.000000
-0.000000
-0.000000
-0.000000
-0.110959
-0.191931
-0.191931
-0.290888
-0.290888
-0.290888
-0.000000
-0.000000
-0.251907
-0.200924
-0.206925
-0.290888
-0.290888
-0.000000
-0.000000
-0.000000
-0.000000
0.015003
0.239922
-0.000000
-0.000000
0.020995
-0.000000
-0.000000
-0.000000
-0.000000
-0.000000
-0.089964
-0.000000
-0.000000
-0.000000
-0.000000
-0.000000
-0.032980
-0.290888
-0.000000
-0.000000
-0.000000
-0.000000
-0.000000
-0.000000
-0.000000
-0.000000
-0.000000
-0.000000
-0.000000
-0.000000
0.059985
0.161943
-0.000000
-0.000000
-0.000000
-0.000000
-0.000000
-0.000000
-0.000000
-0.000000
-0.000000
-0.000000
-0.000000
-0.000000
-0.000000
-0.000000
-0.000000
-0.000000
-0.000000
-0.000000
-0.000000
-0.050974
-0.050974
-0.044982
-0.089964
-0.092965
-0.092965
-0.155942
-0.182929
-0.182929
-0.182929
-0.182929
-0.182929
-0.182929
-0.182929
-0.182929
-0.182929
-0.185930
-0.185930
-0.185930
-0.185930
-0.185930
-0.182929
-0.068969
-0.000000
-0.000000
-0.000000
-0.000000
-0.000000
-0.000000
-0.000000
-0.000000
-0.000000
-0.000000
-0.000000
-0.000000
-0.000000
-0.000000
0.188939
-0.000000
-0.000000
-0.000000
-0.000000
-0.000000
-0.125954
-0.000000
-0.000000
-0.000000
-0.000000
-0.000000
-0.000000
-0.000000
-0.000000
-0.000000
-0.000000
-0.000000
-0.000000
0.006001
-0.000000
-0.000000
-0.000000
-0.000000
-0.000000
-0.000000
-0.000000
-0.000000
-0.224920
-0.179929
-0.179929
-0.227911
-0.248906
-0.248906
-0.248906
-0.245906
-0.248906
-0.245906
-0.245906
-0.245906
-0.131946
0.077980
0.212926
-0.000000
-0.000000
-0.000000
-0.000000
-0.083963
-0.000000
-0.062977
-0.182929
-0.188930
-0.188930
-0.185930
-0.185930
-0.185930
-0.185930
-0.185930
-0.185930
-0.149940
-0.000000
-0.000000
0.056984
0.047992
-0.000000
-0.000000
-0.000000
-0.000000
-0.041982
-0.233912
-0.149940
-0.083963
-0.158942
-0.125954
-0.000000
-0.000000
-0.000000
-0.041982
-0.254908
-0.290888
-0.254908
-0.251907
-0.000000
-0.000000
-0.000000
-0.000000
-0.000000
-0.248906
-0.000000
-0.000000
-0.000000
-0.191931
-0.260900
-0.000000
-0.000000
-0.000000
0.212926
-0.000000
-0.000000
-0.000000
0.290888
0.179937
0.278903
0.197932
0.197932
0.020995
-0.074970
-0.212917
-0.215918
-0.000000
0.290888
0.290888
-0.000000
-0.000000
-0.071970
-0.191931
-0.158942
-0.158942
-0.152941
-0.146940
-0.128954
-0.128954
-0.017986
-0.000000
-0.000000
-0.026988
-0.158942
-0.179929
-0.176937
-0.194923
-0.000000
-0.000000
0.290888
-0.000000
-0.000000
-0.000000
-0.000000
-0.000000
-0.000000
-0.000000
-0.000000
-0.000000
-0.000000
-0.000000
-0.000000
-0.000000
-0.000000
-0.000000
-0.000000