0.000000
0.488281
0.549316
0.427246
0.488281
0.366211
0.488281
0.549316
0.488281
0.488281
0.244141
0.732422
0.732422
1.159668
0.000000
0.183105
0.549316
0.061035
2.868652
2.929688
4.760742
0.915527
0.366211
-3.723145
-7.446289
4.577637
-0.549316
-0.854492
4.943848
15.991211
20.446777
19.958496
23.132324
19.714355
3.417969
-1.037598
6.042480
2.075195
2.868652
11.291504
6.286621
4.394531
2.014160
0.671387
5.371094
26.245117
25.756836
29.357910
31.616211
34.729004
30.456543
28.137207
27.709961
20.812988
19.653320
22.338867
22.155762
30.639648
36.315918
32.714844
58.776855
58.776855
50.964355
46.569824
5.920410
-6.225586
-6.469727
0.183105
-2.624512
-2.746582
1.464844
1.342773
0.488281
4.760742
0.305176
-1.892090
-0.244141
-2.685547
5.371094
3.234863
2.319336
-10.192871
2.319336
-1.831055
3.601074
-20.019531
-25.817871
-38.269043
-43.884277
-43.884277
-26.733398
-10.559082
-9.582520
-7.446289
-4.333496
-7.873535
-2.075195
-2.990723
6.896973
9.033203
10.742188
18.554688
23.803711
26.489258
22.766113
19.348145
18.188477
18.432617
21.179199
25.878906
20.690918
25.268555
24.719238
28.991699
26.367188
29.296875
23.925781
17.639160
25.146484
25.146484
24.841309
28.747559
39.062500
30.212402
36.376953
37.475586
26.855469
32.958984
46.875000
49.438477
19.653320
16.235352
13.305664
10.620117
7.934570
35.888672
45.654297
65.917969
64.331055
72.998047
60.852051
65.612793
66.955566
13.549805
0.732422
0.122070
7.812500
-33.813477
-41.564941
-32.287598
-0.549316
3.051758
-1.037598
0.000000
-0.366211
7.141113
11.718750
-0.671387
-0.183105
-4.638672
5.065918
-41.870117
-46.936035
-8.117676
-5.187988
-7.324219
-9.033203
63.659668
84.533691
-0.549316
3.234863
-4.394531
-2.624512
-46.447754
-12.573242
-10.681152
2.685547
-5.554199
33.996582
40.893555
15.869141
0.671387
-2.563477
1.342773
5.554199
4.699707
28.259277
33.325195
36.010742
28.808594
39.794922
22.460938
-6.652832
-26.184082
-22.521973
-1.037598
28.686523
25.268555
26.367188
30.395508
29.174805
23.437500
23.437500
26.123047
29.541016
24.780273
18.066406
28.625488
26.123047
25.512695
23.498535
29.418945
25.695801
29.418945
32.592773
27.526855
19.653320
19.653320
0.671387
4.394531
3.540039
0.183105
0.915527
0.000000
3.479004
44.982910
31.555176
3.356934
-0.244141
-1.098633
0.366211
1.892090
20.751953
41.625977
39.550781
2.807617
5.493164
3.540039
4.272461
1.098633
-3.417969
-0.915527
-1.647949
-1.586914
-2.441406
-0.122070
-4.028320
-3.784180
-1.647949
3.540039
19.836426
9.826660
7.568359
13.305664
8.728027
9.826660
4.211426
8.056641
4.577637
6.286621
1.525879
2.502441
-7.568359
-22.277832
-28.686523
-20.446777
-0.305176
-5.920410
-4.943848
-4.455566
-8.056641
-0.427246
-9.216309
-1.281738
-2.441406
-7.751465
-7.141113
-10.070801
8.361816
8.911133
-4.272461
-1.037598
27.099609
31.250000
30.456543
50.292969
67.687988
41.442871
1.464844
18.127441
56.152344
41.564941
27.648926
42.114258
78.674316
44.311523
29.968262
54.321289
75.317383
36.010742
7.507324
2.685547
-1.464844
3.112793
40.039062
82.153320
46.264648
20.019531
11.291504
5.249023
4.943848
0.244141
-0.915527
-9.338379
5.920410
5.432129
5.920410
0.671387
0.915527
4.760742
2.990723
2.441406
3.662109
7.812500
-1.403809
-3.906250
-0.854492
-1.464844
1.159668
-2.380371
6.591797
26.245117
27.282715
28.991699
46.325684
48.889160
55.236816
49.743652
45.104980
41.015625
40.283203
40.771484
41.870117
43.518066
33.996582
31.066895
31.066895
39.916992
13.854980
2.075195
1.770020
1.708984
23.315430
26.428223
28.198242
30.334473
29.541016
28.137207
25.756836
25.146484
14.404297
0.244141
-0.366211
-33.630371
-42.663574
-46.020508
-44.677734
-34.484863
-28.991699
-17.028809
-15.441895
-12.207031
-18.249512
-15.441895
-20.019531
-4.699707
-4.699707
-2.746582
-4.943848
13.000488
13.854980
20.568848
20.874023
16.845703
15.869141
15.869141
17.456055
28.686523
34.729004
40.039062
38.513184
37.475586
38.574219
36.315918
31.555176
24.353027
27.160645
24.291992
19.836426
25.939941
22.155762
29.968262
26.733398
26.062012
27.282715
24.597168
30.944824
22.094727
26.367188
27.954102
25.939941
20.019531
28.503418
15.869141
26.000977
21.240234
19.897461
26.428223
27.954102
35.217285
34.484863
37.841797
32.470703
34.912109
39.245605
28.930664
0.671387
-31.005859
-17.089844
-4.028320
-6.042480
-3.051758
-8.239746
26.672363
39.062500
10.253906
1.708984
3.417969
-0.366211
1.770020
1.525879
0.549316
-1.342773
1.586914
-3.234863
-9.948730
-2.014160
-6.774902
0.915527
-2.807617
6.835938
10.620117
14.282227
5.920410
2.319336
4.089355
15.991211
12.084961
19.165039
19.165039
32.958984
25.512695
32.470703
32.226562
26.062012
28.076172
38.085938
38.879395
64.880371
82.397461
87.890625
79.711914
85.998535
79.284668
93.078613
79.345703
-16.967773
-38.024902
-26.000977
-7.080078
-11.657715
-11.962891
-3.723145
-0.427246
-2.380371
-9.033203
-4.638672
-8.666992
-14.953613
-15.625000
-12.023926
-5.981445
-1.586914
8.178711
46.386719
79.711914
36.743164
10.070801
1.098633
1.586914
4.150391
6.835938
4.028320
8.056641
-2.807617
-49.865723
-15.625000
-1.037598
-4.577637
-9.948730
-2.502441
-5.249023
0.732422
-1.647949
-9.887695
-17.089844
49.377441
79.589844
89.050293
56.335449
45.166016
31.005859
-2.258301
-45.227051
-16.906738
43.457031
78.247070
82.580566
82.580566
77.514648
77.514648
83.251953
48.767090
2.014160
3.356934
-14.526367
-0.488281
-1.159668
7.934570
19.348145
50.720215
76.904297
49.194336
1.037598
0.793457
-2.319336
-37.353516
-11.779785
-4.089355
-7.019043
-3.234863
-6.347656
-1.403809
-5.676270
-11.291504
-8.728027
-9.521484
-6.652832
-2.624512
32.653809
26.916504
28.869629
28.991699
28.137207
26.489258
45.593262
63.720703
68.298340
57.617188
51.330566
27.770996
2.319336
1.647949
0.671387
-3.540039
4.394531
61.218262
52.612305
66.162109
70.922852
50.476074
-2.685547
1.708984
-5.065918
6.835938
48.278809
67.016602
41.442871
-3.173828
0.671387
-3.540039
-25.390625
-42.114258
-9.094238
-9.582520
-12.451172
-32.104492
-45.349121
-38.696289
-21.972656
-16.601562
-17.944336
-17.089844
-29.724121
-24.353027
-33.325195
-29.785156
-27.160645
-11.291504
-3.173828
-2.380371
-6.286621
-10.925293
-1.953125
-3.417969
48.095703
63.293457
66.955566
70.617676
36.987305
4.577637
5.371094
-0.549316
-2.136230
5.798340
52.307129
55.236816
35.339355
17.761230
9.948730
7.507324
31.127930
36.254883
47.363281
39.184570
12.878418
8.300781
-0.244141
4.333496
23.437500
24.597168
34.912109
52.307129
50.170898
29.968262
11.840820
38.574219
31.127930
-1.953125
-0.488281
32.714844
56.884766
61.462402
80.627441
67.077637
66.955566
18.066406
-7.507324
-37.048340
-22.216797
-2.624512
-4.516602
-3.356934
-4.943848
-3.356934
16.357422
23.681641
13.183594
0.061035
0.366211
-3.723145
4.821777
-0.427246
1.525879
2.319336
0.671387
1.098633
1.098633
-0.549316
2.014160
23.498535
16.235352
-4.394531
-2.868652
-0.549316
1.525879
0.183105
5.798340
4.211426
0.183105
3.479004
4.089355
5.065918
0.488281
16.235352
17.761230
23.559570
22.644043
22.644043
45.898438
47.668457
48.828125
45.166016
66.833496
74.584961
42.846680
33.874512
5.493164
14.343262
26.794434
62.744141
33.935547
21.179199
7.019043
3.540039
0.488281
19.348145
51.208496
40.893555
8.483887
-2.197266
2.136230
-0.793457
-2.807617
6.469727
1.342773
5.126953
2.197266
3.906250
34.973145
15.075684
-7.629395
-6.164551
-3.662109
-2.502441
8.056641
43.334961
44.067383
12.390137
-0.854492
5.371094
6.225586
-2.197266
-8.789062
-58.044434
-50.659180
-14.587402
-5.004883
-37.658691
-40.771484
-3.723145
-6.469727
-4.272461
-6.225586
-11.169434
50.170898
30.212402
48.278809
33.203125
-1.403809
0.366211
8.056641
-0.976562
-4.333496
39.855957
67.810059
67.993164
67.016602
70.922852
40.710449
33.020020
37.109375
36.560059
32.531738
37.536621
43.273926
43.273926
44.677734
35.461426
32.714844
36.865234
34.790039
32.775879
8.728027
5.798340
4.089355
-0.793457
-0.854492
2.380371
-0.793457
18.676758
13.732910
3.601074
3.723145
-0.549316
-2.197266
-1.708984
-3.051758
1.586914
-0.549316
0.976562
4.028320
1.708984
-0.793457
-0.305176
1.403809
-0.183105
-0.244141
0.427246
0.488281
0.549316
0.366211
0.488281
0.488281
0.427246
0.305176
0.427246
0.732422
0.488281