0.000000
-0.000000
-0.000000
-0.000000
-0.000000
-0.000000
-0.000000
-0.000000
-0.000000
-0.000000
-0.000000
-0.000000
-0.000000
-0.000000
-0.000000
-0.000000
-0.000000
-0.000000
-0.000000
-0.000000
-0.000000
-0.000000
-0.000000
-0.000000
-0.000000
-0.000000
-0.000000
0.032989
0.080971
0.125962
0.173945
0.092974
0.077980
0.023996
0.017995
0.020995
0.020995
0.074979
0.083972
0.015003
0.009002
0.012002
0.056984
0.098966
0.125962
0.125962
0.128963
0.128963
0.128963
0.128963
0.125962
0.080971
0.071979
0.074979
0.074979
0.113960
0.113960
0.116961
0.170945
0.140956
0.122962
0.110968
0.012002
-0.000000
-0.000000
-0.000000
-0.000000
-0.000000
-0.000000
-0.000000
-0.000000
-0.000000
-0.000000
-0.000000
-0.000000
-0.000000
-0.000000
-0.000000
-0.000000
-0.000000
-0.000000
-0.000000
-0.011993
-0.023987
-0.077971
-0.077971
-0.119952
-0.149940
-0.116952
-0.041982
-0.020986
-0.000000
-0.000000
-0.000000
-0.000000
-0.000000
-0.000000
0.056984
0.056984
0.056984
0.077980
0.077980
0.077980
0.077980
0.062986
0.062986
0.062986
0.062986
0.062986
0.065977
0.065977
0.065977
0.065977
0.065977
0.065977
0.059985
0.059985
0.059985
0.059985
0.062986
0.092974
0.092974
0.083972
0.071979
0.062986
0.074979
0.122962
0.152950
0.068978
0.023996
0.023996
0.023996
0.020995
0.080971
0.107968
0.134955
0.164943
0.170945
0.170945
0.170945
0.161943
0.020995
-0.000000
-0.000000
-0.000000
-0.140948
-0.290888
-0.290888
-0.000000
-0.000000
-0.000000
-0.000000
-0.000000
0.083972
0.110968
-0.000000
-0.000000
-0.000000
-0.000000
-0.185930
-0.122953
-0.000000
-0.000000
-0.000000
-0.000000
0.155950
0.281904
-0.000000
-0.000000
-0.000000
-0.000000
-0.197923
-0.000000
-0.000000
-0.000000
-0.000000
0.131955
0.143957
0.062986
-0.000000
-0.000000
-0.000000
-0.000000
-0.000000
0.146949
0.176946
0.176946
0.173945
0.170945
0.146949
-0.000000
-0.122953
-0.245906
0.023996
0.137956
0.161943
0.134955
0.134955
0.122962
0.125962
0.125962
0.125962
0.125962
0.125962
0.125962
0.122962
0.125962
0.125962
0.125962
0.125962
0.125962
0.128963
0.125962
0.128963
0.119961
-0.000000
-0.000000
-0.000000
-0.000000
-0.000000
-0.000000
-0.000000
0.059985
0.188939
-0.000000
-0.000000
-0.000000
-0.000000
-0.000000
-0.000000
0.224928
0.224928
0.179937
-0.000000
-0.000000
-0.000000
-0.000000
-0.000000
-0.000000
-0.000000
-0.000000
-0.000000
-0.000000
-0.000000
-0.000000
-0.000000
-0.000000
0.035989
0.065977
0.023996
0.023996
0.023996
0.023996
0.023996
0.020995
-0.000000
-0.000000
-0.000000
-0.000000
-0.000000
-0.002992
-0.032980
-0.116952
-0.086964
-0.000000
-0.000000
-0.000000
-0.000000
-0.000000
-0.000000
-0.000000
-0.000000
-0.000000
-0.000000
-0.000000
-0.000000
-0.000000
0.059985
0.015003
-0.000000
0.003001
0.089973
0.086973
0.089973
0.161943
0.188939
-0.000000
-0.000000
0.080971
0.161943
-0.000000
0.164943
0.215927
0.194931
0.071979
0.209934
0.209934
0.074979
-0.000000
-0.000000
-0.000000
-0.000000
0.137956
0.197932
0.071979
0.017995
-0.000000
-0.000000
-0.000000
-0.000000
-0.000000
-0.000000
-0.000000
-0.000000
-0.000000
-0.000000
-0.000000
-0.000000
-0.000000
-0.000000
-0.000000
-0.000000
-0.000000
-0.000000
-0.000000
-0.000000
-0.000000
-0.000000
-0.000000
0.032989
0.095974
0.092974
0.092974
0.131955
0.125962
0.125962
0.125962
0.116961
0.101967
0.101967
0.101967
0.101967
0.095974
0.086973
0.086973
0.086973
0.077980
-0.000000
-0.000000
-0.000000
0.003001
0.089973
0.089973
0.089973
0.089973
0.062986
0.062986
0.062986
0.062986
0.015003
-0.000000
-0.026988
-0.122953
-0.122953
-0.125954
-0.128954
-0.083963
-0.080963
-0.017986
-0.020986
-0.038981
-0.032980
-0.017986
-0.035980
-0.000000
-0.000000
0.023996
0.062986
0.059985
0.056984
0.050983
0.029997
0.020995
0.032989
0.059985
0.059985
0.095974
0.104967
0.104967
0.104967
0.092974
0.071979
0.059985
0.059985
0.059985
0.059985
0.059985
0.059985
0.059985
0.080971
0.083972
0.080971
0.074979
0.074979
0.077980
0.077980
0.077980
0.077980
0.077980
0.077980
0.077980
0.077980
0.077980
0.074979
0.062986
0.062986
0.062986
0.107968
0.107968
0.104967
0.095974
0.074979
0.074979
0.074979
0.059985
-0.023987
-0.110959
-0.000000
-0.000000
-0.000000
-0.000000
-0.000000
0.251916
-0.000000
-0.000000
-0.000000
-0.000000
-0.000000
-0.000000
-0.000000
-0.000000
-0.000000
-0.000000
-0.000000
-0.000000
-0.000000
-0.000000
-0.000000
-0.000000
-0.000000
0.056984
0.015003
-0.000000
-0.000000
-0.000000
0.056984
0.056984
0.056984
0.077980
0.083972
0.083972
0.080971
0.080971
0.080971
0.080971
0.101967
0.110968
0.266910
0.290888
0.290888
0.290888
0.290888
0.290888
0.290888
-0.000000
-0.149940
-0.000000
-0.000000
-0.000000
-0.000000
-0.000000
-0.000000
-0.000000
-0.000000
-0.000000
-0.000000
-0.000000
-0.000000
-0.000000
-0.000000
-0.000000
-0.000000
0.164943
0.182938
0.059985
-0.000000
-0.000000
-0.000000
-0.000000
-0.000000
-0.000000
-0.000000
-0.000000
-0.164934
-0.000000
-0.000000
-0.000000
-0.000000
-0.000000
-0.000000
-0.000000
-0.000000
-0.000000
-0.000000
0.131955
0.176946
0.170945
0.119961
0.089973
0.056984
-0.000000
-0.131946
-0.014994
0.290888
0.290888
0.257917
0.242914
0.260909
0.245915
0.188939
0.092974
-0.000000
-0.000000
-0.041982
-0.000000
-0.000000
0.026996
0.059985
0.125962
0.170945
0.089973
0.003001
-0.000000
-0.023987
-0.131946
-0.000000
-0.000000
-0.000000
-0.000000
-0.000000
-0.000000
-0.000000
-0.000000
-0.000000
-0.000000
-0.000000
-0.000000
0.095974
0.095974
0.092974
0.092974
0.092974
0.092974
0.092974
0.197932
0.176946
0.137956
0.131955
0.131955
0.009002
-0.000000
-0.000000
-0.000000
-0.000000
0.254917
0.185939
0.092974
0.290888
0.290888
-0.000000
-0.000000
-0.000000
-0.000000
0.098966
0.290888
0.221928
-0.000000
-0.000000
-0.000000
-0.050974
-0.254908
-0.000000
-0.000000
-0.014994
-0.044982
-0.131946
-0.140948
-0.092965
-0.035980
-0.035980
-0.017986
-0.014994
-0.080963
-0.083963
-0.080963
-0.080963
-0.020986
-0.000000
-0.000000
-0.000000
-0.000000
-0.000000
-0.000000
0.140956
0.203933
0.200933
0.161943
0.065977
-0.000000
-0.000000
-0.000000
-0.000000
-0.000000
0.098966
0.143957
0.143957
0.068978
0.029997
0.012002
0.056984
0.125962
0.137956
0.137956
0.077980
-0.000000
-0.000000
0.041990
0.086973
0.059985
0.101967
0.131955
0.125962
0.047992
0.017995
0.134955
0.071979
-0.000000
-0.000000
0.131955
0.161943
0.167944
0.173945
0.170945
0.158951
0.009002
-0.041982
-0.158942
-0.000000
-0.000000
-0.000000
-0.000000
-0.000000
-0.000000
0.080971
0.074979
-0.000000
-0.000000
-0.000000
-0.000000
-0.000000
-0.000000
-0.000000
-0.000000
-0.000000
-0.000000
-0.000000
-0.000000
-0.000000
0.015003
0.101967
-0.000000
-0.000000
-0.000000
-0.000000
-0.000000
-0.000000
-0.000000
-0.000000
-0.000000
-0.000000
-0.000000
-0.000000
-0.000000
0.071979
0.074979
0.074979
0.071979
0.122962
0.134955
0.134955
0.134955
0.134955
0.188939
0.188939
0.221928
-0.000000
-0.000000
-0.000000
0.134955
0.188939
0.140956
-0.000000
-0.000000
-0.000000
-0.000000
0.071979
0.215927
0.086973
-0.000000
-0.000000
-0.000000
-0.000000
-0.000000
-0.000000
-0.000000
-0.000000
-0.000000
0.012002
0.107968
-0.000000
-0.000000
-0.000000
-0.000000
-0.000000
0.003001
0.179937
-0.000000
-0.000000
-0.000000
-0.000000
-0.000000
-0.000000
-0.023987
-0.236913
-0.000000
-0.000000
-0.000000
-0.263900
-0.000000
-0.000000
-0.000000
-0.000000
-0.000000
0.176946
0.137956
0.080971
0.281904
-0.000000
-0.000000
-0.000000
-0.000000
-0.000000
0.029997
0.188939
0.188939
0.188939
0.188939
0.155950
0.083972
0.077980
0.077980
0.077980
0.077980
0.113960
0.116961
0.113960
0.086973
0.086973
0.074979
0.074979
0.065977
0.020995
-0.000000
-0.000000
-0.000000
-0.000000
-0.000000
-0.000000
0.026996
0.026996
-0.000000
0.020995
0.006001
-0.000000
-0.000000
-0.000000
-0.000000
-0.000000
-0.000000
-0.000000
-0.000000
-0.000000
-0.000000
-0.000000
-0.000000
-0.000000
-0.000000
-0.000000
-0.000000
-0.000000
-0.000000
-0.000000
-0.000000
-0.000000
-0.000000
-0.000000
-0.000000
-0.000000
-0.000000