0.427246
0.549316
0.366211
0.549316
0.488281
0.427246
0.732422
0.488281
0.427246
0.366211
0.488281
0.549316
0.549316
0.305176
2.807617
1.403809
5.249023
7.141113
5.493164
5.371094
2.807617
4.333496
2.868652
3.479004
4.028320
4.333496
-1.464844
2.258301
0.122070
2.441406
5.126953
1.647949
2.929688
0.183105
5.126953
6.469727
5.615234
6.164551
3.234863
-2.075195
-2.075195
0.854492
1.464844
2.075195
4.272461
4.089355
4.943848
-0.915527
-20.996094
-25.146484
-21.301270
-27.221680
-26.184082
-24.536133
-26.489258
-23.803711
-28.991699
-19.653320
-21.423340
-15.319824
-17.150879
-17.639160
-17.333984
-23.620605
-14.770508
-18.676758
-21.484375
-27.465820
-37.780762
-47.668457
-47.668457
-45.898438
-48.095703
-47.302246
-50.903320
-42.785645
-45.959473
-46.081543
-31.433105
-35.766602
-12.878418
-11.108398
13.427734
23.132324
7.507324
0.488281
2.929688
2.380371
-2.441406
7.507324
3.234863
5.126953
3.601074
1.708984
-2.014160
-3.601074
-1.464844
5.798340
2.014160
0.549316
2.929688
4.882812
1.831055
0.122070
1.098633
-0.183105
4.699707
5.432129
8.483887
6.042480
2.685547
0.671387
2.807617
-3.601074
-2.136230
-9.704590
-0.305176
-1.098633
-3.479004
-2.929688
-2.929688
-1.586914
0.671387
-3.479004
-1.403809
-0.427246
4.028320
-3.601074
0.183105
-3.295898
-0.976562
-3.234863
-6.408691
-12.756348
-7.080078
-6.774902
-3.662109
-2.075195
-0.610352
-0.549316
-2.685547
-2.685547
-18.310547
-33.935547
-35.583496
-32.836914
-30.151367
-33.142090
-39.001465
-36.254883
-40.710449
-35.156250
-36.254883
-40.344238
-37.536621
-42.541504
-47.729492
-45.776367
-47.729492
-7.141113
-6.591797
-7.141113
0.000000
-4.882812
-15.441895
-13.793945
-5.187988
-1.098633
-2.014160
-3.051758
-4.821777
-4.821777
-24.475098
-10.437012
-6.652832
-7.995605
-6.713867
-2.502441
-9.460449
-0.610352
-3.845215
-0.671387
-4.089355
-2.563477
-0.244141
-2.929688
-4.211426
-5.371094
-7.507324
-2.685547
-4.882812
-5.432129
-2.990723
-1.586914
-1.831055
-2.197266
-1.464844
32.043457
54.809570
19.104004
-1.708984
2.746582
3.662109
-2.563477
-21.545410
-15.869141
-4.211426
-25.573730
-33.752441
-34.362793
-35.400391
-26.184082
-30.944824
-26.855469
-36.071777
-36.071777
-36.987305
-11.413574
-8.178711
-3.967285
-2.075195
-25.207520
-31.677246
-16.113281
-8.178711
-6.652832
-5.187988
-7.385254
-32.165527
-41.564941
-25.817871
-27.832031
-27.832031
-44.250488
-50.109863
-48.583984
-52.795410
-46.691895
-33.447266
-4.272461
-23.437500
-27.832031
-31.005859
-11.596680
-13.061523
-38.269043
-21.545410
-4.272461
-32.165527
-44.311523
-43.273926
-16.235352
-4.211426
5.126953
2.441406
2.441406
-7.080078
-6.286621
-0.793457
1.342773
-6.958008
0.000000
-2.502441
-2.807617
-8.911133
-1.342773
-4.028320
-4.638672
-1.953125
-6.103516
-5.187988
-4.333496
0.061035
-7.141113
-4.089355
0.488281
-0.427246
-1.647949
18.249512
20.751953
23.925781
20.507812
22.338867
24.047852
11.047363
11.291504
7.934570
2.502441
1.220703
-5.004883
-3.295898
2.258301
7.141113
2.441406
1.220703
3.112793
-1.403809
-1.403809
1.403809
12.756348
17.333984
17.761230
22.277832
19.470215
17.517090
17.028809
22.827148
17.089844
22.155762
4.577637
-8.239746
-44.067383
-52.001953
-50.170898
-52.429199
-49.804688
-50.964355
-51.269531
-51.635742
-54.931641
-49.743652
-43.334961
-5.004883
-4.394531
-2.624512
-7.873535
-23.925781
-47.546387
-46.875000
-34.057617
-3.784180
-9.033203
-9.033203
-26.184082
-47.790527
-47.119141
-39.550781
-39.550781
11.535645
14.770508
62.316895
33.325195
-1.525879
2.014160
3.662109
2.136230
-41.503906
-10.803223
-9.155273
-7.019043
0.854492
-1.403809
-2.746582
-1.953125
-6.469727
-4.455566
-37.414551
-41.992188
-25.390625
-19.165039
-15.747070
-16.052246
-20.141602
-24.108887
-22.338867
-35.400391
-56.396484
-59.936523
-59.936523
-66.101074
-65.368652
-65.490723
-66.467285
-63.598633
-47.607422
-46.386719
-41.809082
-15.625000
-17.089844
29.357910
55.908203
6.469727
0.915527
5.126953
4.699707
6.835938
6.591797
5.920410
-6.958008
-26.611328
-10.070801
-7.446289
-0.793457
-3.723145
-8.483887
-2.014160
-5.920410
-2.380371
-2.075195
-1.342773
-5.371094
-3.540039
-10.253906
-7.812500
-8.850098
-2.990723
45.288086
9.033203
4.699707
5.249023
5.676270
2.075195
-1.831055
52.001953
13.977051
5.676270
1.342773
7.812500
5.798340
2.319336
-22.766113
-23.803711
-35.949707
-61.584473
-62.255859
-65.612793
-66.040039
-43.579102
-27.709961
-50.170898
-60.180664
-61.096191
-60.424805
-62.866211
-61.767578
-66.711426
-59.753418
-68.176270
-13.854980
-6.408691
0.488281
2.380371
20.385742
41.381836
6.042480
6.713867
1.220703
-2.807617
0.671387
-3.234863
2.197266
2.014160
-48.889160
-6.835938
-5.920410
-10.314941
-10.742188
-9.155273
-1.403809
-7.629395
-1.281738
-1.647949
-3.967285
-10.803223
1.586914
-8.666992
-1.647949
-22.460938
-43.945312
-16.296387
-4.333496
-13.854980
-4.028320
-5.371094
-6.103516
-6.042480
-30.639648
-45.104980
-14.709473
-7.629395
-8.239746
-6.103516
-18.188477
-20.507812
-18.249512
-32.104492
-37.109375
-31.982422
-35.034180
-28.930664
-32.958984
-27.587891
-20.812988
-18.127441
-15.869141
-14.099121
-4.699707
-4.821777
-4.699707
-5.859375
-2.624512
2.990723
-9.033203
-29.724121
-1.464844
-1.464844
-36.071777
-58.227539
-54.199219
-55.358887
-54.687500
-30.883789
-22.949219
-7.324219
1.831055
-64.636230
-70.556641
-76.354980
-11.169434
-9.155273
-2.868652
71.594238
66.650391
8.605957
3.234863
5.920410
19.714355
-0.976562
1.342773
-6.958008
0.244141
7.507324
61.767578
53.222656
35.217285
17.211914
6.469727
9.826660
4.089355
49.560547
29.052734
8.850098
4.150391
-26.855469
-60.424805
-70.190430
-70.068359
-62.683105
-67.504883
-72.937012
-55.297852
-38.146973
-22.888184
-5.981445
-10.375977
-11.413574
-32.104492
-31.433105
-49.743652
-55.358887
-55.419922
-48.645020
-36.376953
-7.263184
-0.671387
0.427246
-5.371094
-3.112793
-6.591797
-0.244141
-4.150391
-7.385254
-8.117676
-9.460449
2.136230
-6.103516
-1.586914
-9.277344
-2.990723
0.183105
-13.122559
-31.066895
-40.466309
-37.048340
-37.841797
-36.437988
-44.189453
-43.762207
-46.386719
-62.377930
-73.974609
-65.429688
-75.622559
-75.988770
-65.795898
-78.186035
-66.162109
-13.916016
-9.582520
98.388672
97.534180
44.677734
3.662109
-10.192871
-53.283691
-16.418457
-4.211426
-15.563965
-5.432129
-8.361816
-0.549316
-1.159668
-6.713867
-2.502441
-0.793457
15.869141
29.846191
18.432617
8.056641
2.746582
5.798340
-42.846680
-13.244629
-14.282227
-5.187988
-7.873535
-2.319336
-1.708984
-6.530762
-2.868652
-7.934570
-7.934570
-7.812500
-18.615723
-3.784180
-3.784180
-7.202148
0.549316
-5.310059
1.708984
-6.408691
-28.625488
-34.362793
-59.326172
-64.575195
-66.162109
-69.641113
-67.932129
-68.969727
-64.636230
-65.795898
-60.241699
-63.537598
-26.489258
-13.366699
-4.211426
-6.408691
-7.141113
-5.126953
-10.742188
-13.488770
-10.253906
-6.347656
-3.356934
6.591797
55.053711
60.119629
9.399414
8.178711
1.098633
0.488281
4.821777
11.047363
5.920410
5.065918
11.718750
4.272461
-2.990723
-69.030762
-21.118164
-15.930176
-64.758301
-7.141113
-3.845215
0.854492
-63.598633
-72.082520
-7.446289
-2.502441
-22.399902
-56.030273
-58.593750
-27.343750
-5.004883
-3.906250
-6.042480
-30.029297
-38.024902
-42.419434
-40.954590
-16.967773
-2.929688
-4.760742
-7.873535
-14.587402
-32.226562
-32.226562
-24.658203
-36.071777
-47.546387
-45.166016
-50.231934
-54.016113
-52.551270
-24.291992
-8.911133
-5.676270
-8.728027
-6.103516
-31.372070
-41.015625
0.000000
-6.225586
-10.620117
-10.681152
-7.995605
-0.244141
-6.958008
-2.319336
-6.103516
-7.385254
1.342773
-4.699707
19.165039
35.400391
35.095215
30.700684
23.986816
23.559570
14.526367
17.578125
5.920410
10.375977
10.070801
14.953613
20.874023
21.667480
20.812988
12.084961
22.216797
22.216797
19.653320
11.169434
-10.253906
-33.935547
-66.162109
-74.645996
-73.364258
-65.795898
-78.125000
-62.500000
-59.814453
-62.561035
-61.218262
-60.791016
-62.438965
-59.020996
-8.850098
-11.474609
-1.586914
-3.540039
-5.920410
-2.685547
0.671387
2.319336
3.723145
4.943848
1.708984
0.793457
0.671387
0.244141
-0.183105
-8.239746
-0.610352
-3.173828
-3.967285
2.197266
4.455566
0.915527
0.549316
0.305176
0.427246
0.488281
0.427246
0.366211
0.488281
0.549316
0.488281