-0.000000
-0.000000
-0.000000
-0.000000
-0.000000
-0.000000
-0.000000
-0.000000
-0.000000
-0.000000
-0.000000
-0.000000
-0.000000
-0.000000
-0.000000
-0.000000
-0.000000
-0.000000
-0.000000
-0.000000
-0.000000
-0.000000
0.050983
0.077980
0.062986
0.062986
0.059985
0.059985
0.062986
0.059985
0.062986
0.059985
0.062986
0.062986
0.062986
0.062986
0.080971
0.095974
0.092974
0.095974
0.116961
0.137956
0.071979
0.062986
0.062986
0.062986
0.134955
0.134955
0.134955
0.134955
0.131955
0.131955
0.134955
0.134955
0.059985
-0.000000
-0.287896
-0.000000
-0.000000
-0.000000
0.278903
0.290888
-0.000000
-0.000000
-0.000000
-0.290888
-0.290888
-0.000000
-0.000000
-0.065968
-0.122953
-0.000000
-0.056976
-0.134946
-0.116952
-0.113951
-0.149940
-0.137947
-0.000000
0.012002
0.009002
0.020995
0.012002
-0.000000
-0.000000
0.038990
0.047992
-0.000000
0.015003
0.012002
0.003001
0.032989
0.059985
0.056984
0.056984
0.086973
0.053984
0.026996
0.095974
0.107968
0.143957
0.146949
0.143957
0.140956
0.050983
-0.000000
-0.000000
-0.000000
-0.000000
-0.000000
0.015003
0.074979
0.074979
0.074979
0.095974
0.125962
0.125962
0.110968
0.092974
0.092974
0.074979
0.071979
0.074979
0.074979
0.074979
0.074979
0.074979
0.074979
0.074979
0.074979
0.074979
0.074979
0.074979
0.068978
0.065977
0.059985
0.056984
0.047992
-0.000000
0.020995
0.074979
0.095974
0.098966
0.098966
0.095974
0.101967
0.098966
0.092974
0.080971
0.071979
0.071979
0.068978
0.071979
0.071979
-0.000000
-0.000000
-0.000000
-0.000000
-0.000000
-0.038981
-0.000000
-0.000000
-0.000000
-0.000000
-0.000000
-0.000000
-0.000000
-0.000000
-0.000000
-0.000000
-0.000000
-0.000000
-0.000000
-0.000000
-0.000000
-0.000000
-0.000000
-0.000000
-0.000000
-0.000000
-0.000000
-0.000000
-0.000000
-0.000000
-0.000000
0.044991
0.047992
0.047992
0.047992
0.047992
0.047992
0.047992
0.047992
0.047992
0.047992
0.047992
0.047992
0.047992
0.047992
0.047992
0.047992
0.053984
0.125962
0.164943
0.164943
0.140956
0.107968
0.110968
0.012002
0.012002
0.023996
0.095974
0.164943
0.188939
0.221928
0.125962
0.050983
0.032989
0.143957
0.140956
0.137956
-0.000000
-0.000000
-0.000000
-0.000000
-0.000000
-0.000000
-0.062977
-0.000000
-0.000000
-0.000000
-0.000000
-0.000000
-0.000000
-0.000000
-0.000000
-0.000000
-0.000000
-0.000000
-0.000000
-0.000000
-0.000000
-0.000000
0.281904
0.149949
-0.000000
-0.000000
-0.000000
-0.000000
-0.000000
-0.000000
-0.000000
-0.122953
-0.000000
-0.000000
-0.000000
-0.000000
-0.000000
-0.000000
-0.000000
-0.000000
-0.000000
-0.000000
-0.000000
-0.000000
-0.000000
-0.000000
-0.000000
0.140956
0.200933
-0.000000
-0.000000
-0.000000
-0.000000
-0.000000
-0.000000
-0.000000
-0.000000
-0.000000
0.290888
0.290888
0.290888
0.245915
-0.000000
-0.000000
-0.000000
0.269911
0.290888
0.212926
-0.000000
-0.000000
-0.000000
-0.000000
0.290888
0.290888
0.266910
-0.000000
-0.000000
0.290888
0.248915
0.203933
-0.000000
-0.000000
-0.000000
-0.000000
-0.000000
0.023996
0.092974
-0.000000
-0.000000
-0.000000
-0.000000
-0.000000
-0.000000
-0.000000
-0.000000
-0.000000
-0.000000
-0.000000
-0.000000
-0.000000
-0.000000
-0.000000
-0.000000
0.032989
0.077980
0.083972
0.083972
0.083972
0.074979
0.074979
0.074979
0.074979
0.074979
0.074979
0.074979
0.074979
0.077980
0.113960
0.113960
0.113960
0.110968
0.110968
0.083972
0.086973
0.086973
0.086973
0.086973
0.086973
0.086973
0.083972
0.062986
0.056984
-0.000000
-0.000000
-0.032980
-0.143948
-0.000000
-0.000000
-0.000000
-0.000000
-0.000000
-0.026988
-0.029988
-0.050974
-0.074970
-0.077971
-0.077971
-0.089964
-0.095965
-0.095965
-0.095965
-0.080963
-0.026988
-0.000000
-0.000000
-0.000000
-0.000000
-0.000000
-0.000000
-0.000000
-0.000000
-0.000000
-0.000000
-0.000000
-0.000000
0.020995
0.149949
0.158951
0.119961
0.095974
0.029997
0.003001
0.003001
0.003001
0.062986
0.062986
0.062986
0.104967
0.104967
0.134955
0.197932
0.200933
0.194931
0.131955
0.059985
0.020995
0.020995
0.023996
0.038990
0.074979
0.074979
0.074979
0.074979
0.071979
0.065977
0.065977
0.065977
0.065977
0.065977
0.065977
0.065977
0.065977
0.068978
0.068978
0.068978
0.065977
0.068978
0.068978
0.068978
0.068978
0.068978
0.068978
0.068978
0.068978
0.059985
0.023996
-0.000000
-0.000000
-0.000000
-0.000000
-0.000000
-0.000000
-0.000000
-0.000000
-0.000000
-0.000000
-0.000000
-0.065968
-0.059976
-0.000000
-0.000000
-0.000000
-0.000000
-0.000000
-0.000000
-0.000000
-0.000000
-0.000000
-0.000000
-0.000000
-0.000000
-0.000000
-0.000000
-0.000000
-0.000000
0.059985
0.098966
0.101967
0.101967
0.092974
0.071979
0.071979
0.074979
0.074979
0.074979
0.092974
0.092974
0.095974
0.176946
0.281904
0.290888
0.290888
0.290888
0.290888
0.290888
0.290888
-0.000000
-0.290888
-0.290888
-0.242905
-0.000000
0.017995
-0.113951
-0.000000
-0.000000
0.269911
0.290888
0.290888
0.290888
-0.000000
-0.000000
-0.000000
-0.290888
-0.000000
-0.000000
-0.000000
-0.290888
-0.000000
-0.000000
-0.152941
-0.000000
-0.000000
-0.000000
0.290888
0.290888
-0.000000
-0.000000
-0.000000
-0.000000
-0.000000
-0.000000
-0.000000
-0.000000
-0.287896
-0.000000
-0.000000
-0.000000
-0.000000
-0.000000
-0.000000
-0.000000
-0.050974
-0.000000
-0.000000
-0.000000
0.068978
0.278903
0.233921
0.203933
0.077980
0.053984
0.086973
0.164943
0.164943
0.128963
0.047992
-0.000000
-0.000000
-0.000000
0.197932
0.203933
0.071979
0.074979
0.209934
0.074979
0.059985
0.062986
0.059985
0.059985
0.059985
0.092974
0.092974
0.092974
0.095974
0.113960
0.170945
0.170945
0.170945
0.170945
0.137956
0.071979
0.062986
0.059985
-0.000000
-0.000000
-0.000000
-0.000000
-0.000000
-0.000000
0.080971
0.059985
0.017995
0.017995
-0.000000
-0.000000
-0.077971
-0.000000
-0.000000
-0.000000
-0.000000
-0.000000
-0.000000
-0.000000
0.185939
-0.000000
-0.000000
0.200933
0.200933
-0.000000
-0.000000
-0.000000
-0.000000
-0.000000
-0.000000
-0.000000
0.242914
0.248915
0.185939
0.179937
0.290888
0.015003
-0.000000
-0.000000
-0.000000
-0.000000
-0.000000
0.182938
0.149949
-0.000000
-0.000000
-0.000000
-0.000000
-0.000000
-0.000000
-0.269902
-0.000000
-0.000000
-0.263900
-0.000000
-0.000000
-0.137947
-0.000000
-0.000000
-0.000000
-0.254908
-0.000000
-0.000000
-0.000000
-0.000000
0.065977
-0.000000
-0.000000
0.009002
0.269911
-0.000000
0.074979
0.068978
-0.000000
0.290888
0.290888
0.266910
0.122962
-0.000000
-0.000000
-0.000000
-0.000000
0.194931
0.182938
0.095974
0.077980
-0.000000
-0.000000
-0.000000
-0.000000
-0.000000
-0.000000
0.143957
0.290888
0.230921
-0.000000
-0.000000
-0.000000
-0.000000
0.218927
0.290888
-0.000000
-0.000000
-0.000000
-0.035980
-0.113951
-0.000000
-0.059976
-0.000000
-0.000000
-0.000000
-0.000000
-0.000000
-0.000000
-0.000000
-0.000000
-0.000000
-0.000000
-0.000000
0.098966
0.122962
0.125962
0.110968
0.006001
-0.000000
0.200933
0.290888
-0.000000
-0.000000
0.290888
0.185939
-0.000000
0.185939
0.290888
0.290888
0.290888
-0.000000
-0.005992
-0.164934
-0.248906
-0.000000
-0.000000
0.179937
0.251916
-0.000000
-0.000000
-0.000000
-0.000000
-0.026988
-0.000000
-0.000000
-0.000000
-0.092965
-0.000000
-0.000000
-0.000000
-0.000000
-0.000000
-0.000000
-0.000000
-0.000000
-0.000000
-0.000000
-0.000000
-0.000000
-0.000000
-0.000000
-0.000000
-0.000000
-0.000000
-0.000000
-0.000000
-0.000000
-0.000000
-0.000000
-0.000000
0.059985
0.176946
-0.000000
-0.000000
-0.000000
0.056984
0.065977
0.065977
0.083972
0.086973
0.086973
0.089973
0.089973
0.086973
0.086973
0.104967
0.134955
0.134955
0.125962
0.125962
0.125962
0.125962
0.125962
0.125962
0.086973
-0.000000
-0.000000
-0.000000
-0.000000
-0.000000
-0.000000
-0.000000
-0.000000
0.188939
-0.000000
-0.000000
-0.000000
-0.000000
-0.000000
-0.000000
0.290888
0.290888
-0.000000
-0.000000
0.290888
-0.000000
-0.000000
0.239922
0.290888
0.290888
0.290888
0.023996
-0.000000
-0.000000
-0.000000
-0.000000
-0.000000
-0.000000
-0.000000
-0.000000
-0.000000
-0.000000
-0.000000
-0.000000
-0.000000
-0.000000
-0.000000
-0.000000
-0.000000