0.000000
0.000000
0.000000
0.000000
0.000000
0.000000
0.000000
0.000000
.015003
.074979
.074979
.065977
.065977
.062986
.065977
.065977
.065977
.065977
.065977
.065977
.065977
.065977
.023996
0.000000
0.000000
0.000000
0.000000
0.000000
0.000000
0.000000
0.000000
0.000000
0.000000
0.000000
0.000000
0.000000
0.000000
0.000000
0.000000
0.000000
0.000000
0.000000
0.000000
0.000000
0.000000
0.000000
0.000000
0.000000
0.000000
0.032980
0.080963
0.080963
0.080963
0.080963
0.080963
0.080963
0.080963
0.080963
0.080963
0.080963
0.080963
0.077971
0.080963
0.080963
0.089964
0.089964
0.092965
0.098957
0.098957
0.113951
0.152941
0.155942
0.167935
0.218918
0.248906
0.245906
0.215918
0.179929
0.182929
0.170936
0.092965
0.000000
0.000000
0.000000
.074979
.059985
0.000000
0.000000
0.000000
0.000000
0.000000
0.000000
0.000000
0.000000
0.000000
0.000000
0.000000
0.000000
0.000000
0.000000
0.000000
0.000000
0.000000
0.000000
0.000000
0.000000
0.000000
0.000000
0.000000
0.000000
0.000000
0.000000
0.000000
0.000000
0.000000
0.008993
0.032980
0.000000
0.000000
0.000000
0.000000
0.000000
0.000000
0.000000
0.000000
0.000000
0.000000
0.000000
0.000000
0.000000
0.000000
0.000000
0.000000
0.000000
0.000000
0.023987
0.000000
0.000000
0.000000
0.000000
0.000000
0.000000
0.000000
0.002992
0.137947
0.131946
0.131946
0.131946
0.131946
0.122953
0.122953
0.122953
0.122953
0.122953
0.122953
0.122953
0.149940
0.200924
0.209925
0.200924
0.000000
0.000000
0.000000
0.000000
0.000000
0.125954
0.000000
0.000000
0.000000
0.000000
0.000000
0.000000
0.098957
0.083963
0.000000
0.000000
0.000000
0.000000
0.000000
0.000000
0.000000
0.000000
0.000000
0.000000
0.008993
0.000000
0.000000
0.000000
0.000000
0.000000
0.000000
0.000000
0.000000
0.000000
0.000000
0.000000
0.000000
0.000000
.161943
.188939
0.000000
0.000000
0.000000
0.000000
0.000000
0.104958
0.000000
0.000000
0.125954
0.122953
0.116952
0.098957
0.077971
0.077971
0.077971
0.077971
0.077971
0.077971
0.014994
0.000000
0.000000
0.000000
0.116952
0.068969
0.000000
0.000000
0.000000
0.011993
0.011993
0.122953
0.140948
0.059976
0.116952
0.287896
0.290888
0.290888
0.290888
0.290888
0.251907
0.002992
0.000000
0.158942
0.089964
0.000000
0.000000
0.116952
0.113951
0.000000
0.020986
0.278895
0.254908
0.000000
0.000000
0.000000
0.000000
0.000000
0.000000
0.059976
0.000000
0.000000
0.000000
0.000000
0.000000
0.029988
0.035980
0.017986
0.000000
0.000000
0.000000
0.000000
0.000000
0.000000
0.000000
0.000000
0.000000
0.000000
0.000000
.003001
.074979
.098966
.080971
.062986
.059985
.050983
.023996
.012002
.012002
.009002
0.000000
0.000000
0.000000
0.000000
0.000000
0.000000
0.000000
0.000000
0.000000
0.000000
.003001
.047992
.059985
.059985
.071979
.074979
.074979
.074979
.071979
.062986
.059985
0.000000
0.026988
0.173936
0.173936
0.200924
0.290888
0.290888
0.290888
0.290888
0.290888
0.290888
0.278895
0.143948
0.000000
0.000000
0.000000
0.000000
0.080963
0.170936
0.164934
0.080963
0.000000
0.000000
0.000000
0.000000
0.167935
0.188930
0.149940
0.122953
0.005992
.056984
.212926
.254917
0.000000
0.000000
0.000000
0.000000
0.278895
0.000000
0.000000
0.000000
0.000000
0.000000
0.000000
0.000000
0.000000
0.000000
0.119952
0.113951
0.059976
0.050974
0.041982
0.029988
0.029988
0.029988
0.032980
0.032980
0.125954
0.176937
0.191931
0.263900
0.290888
0.290888
0.275894
0.173936
0.101958
0.137947
0.140948
0.035980
0.000000
0.000000
.188939
0.000000
0.000000
0.000000
0.000000
0.000000
0.000000
0.000000
0.000000
0.095965
0.000000
0.000000
0.000000
0.000000
0.000000
0.000000
0.000000
0.000000
0.000000
0.000000
0.000000
0.000000
0.000000
0.000000
0.000000
0.000000
.143957
0.000000
0.000000
0.000000
0.000000
0.000000
0.000000
.290888
0.000000
0.000000
0.000000
0.000000
0.000000
0.014994
0.005992
0.095965
0.113951
0.242905
0.242905
0.236913
0.191931
0.098957
0.050974
0.000000
0.140948
0.143948
0.143948
0.281895
0.290888
0.290888
0.290888
0.290888
0.290888
0.000000
0.000000
0.000000
0.000000
.290888
0.000000
0.000000
0.000000
0.000000
0.000000
0.000000
0.000000
0.000000
0.000000
0.152941
0.000000
0.000000
0.023987
0.000000
0.000000
0.000000
0.000000
0.000000
0.000000
0.000000
0.000000
0.000000
0.000000
0.000000
0.104958
0.149940
0.000000
0.000000
0.050974
0.002992
0.000000
0.000000
0.000000
0.170936
0.110959
0.000000
0.017986
0.017986
0.059976
0.089964
0.089964
0.080963
0.149940
0.164934
0.128954
0.125954
0.125954
0.125954
0.104958
0.059976
0.047983
0.035980
0.002992
0.000000
0.000000
0.000000
0.000000
0.000000
0.011993
0.113951
0.056976
0.000000
0.116952
0.149940
0.146940
0.128954
0.128954
0.128954
0.086964
0.000000
0.000000
0.000000
0.203924
0.224920
0.188930
0.000000
0.000000
0.000000
.143957
.098966
0.000000
0.000000
0.000000
0.000000
0.000000
0.000000
.009002
0.000000
.003001
.131955
.119961
.026996
.006001
0.000000
0.000000
.032989
.215927
0.000000
0.000000
0.000000
0.236913
0.257908
0.227911
0.221919
0.200924
0.179929
0.158942
0.116952
0.074970
0.032980
0.000000
0.000000
0.026988
0.080963
0.083963
0.134946
0.134946
0.134946
0.125954
0.000000
0.000000
0.000000
0.000000
0.000000
0.002992
0.000000
0.000000
0.000000
0.000000
0.000000
0.000000
0.000000
0.000000
0.000000
0.000000
0.000000
0.000000
0.026988
0.083963
0.089964
0.086964
0.086964
0.086964
0.119952
0.122953
0.125954
0.182929
0.269902
0.290888
0.290888
0.194923
0.194923
0.152941
0.000000
0.000000
.290888
.290888
0.000000
0.000000
0.000000
0.290888
0.000000
0.000000
0.000000
0.000000
0.000000
0.000000
0.000000
0.000000
0.000000
0.000000
.056984
.077980
0.000000
0.000000
0.000000
0.000000
0.104958
0.000000
0.000000
0.000000
0.000000
0.000000
0.000000
0.000000
0.000000
0.000000
0.000000
0.000000
0.000000
0.000000
0.000000
0.000000
0.000000
0.000000
0.000000
0.017986
0.077971
0.080963
0.149940
0.149940
0.155942
0.176937
0.179929
0.167935
0.158942
0.158942
0.158942
0.131946
0.017986
0.014994
0.000000
0.000000
0.000000
0.000000
0.000000
0.000000
0.000000
0.000000
0.000000
.017995
.221928
0.000000
0.000000
0.000000
0.000000
0.000000
0.000000
0.000000
0.000000
0.000000
0.000000
0.000000
0.290888
0.000000
0.026988
0.290888
0.000000
0.000000
0.000000
0.266901
0.290888
0.000000
0.000000
0.000000
0.218918
0.173936
0.062977
0.000000
0.000000
0.000000
0.071970
0.110959
0.119952
0.143948
0.077971
0.008993
0.008993
0.011993
0.059976
0.086964
0.086964
0.086964
0.119952
0.140948
0.143948
0.143948
0.140948
0.140948
0.050974
0.000000
0.000000
0.000000
0.000000
0.140948
0.086964
0.000000
0.000000
0.000000
0.000000
0.000000
0.000000
0.000000
0.000000
0.000000
0.000000
0.000000
0.000000
.071979
.071979
.071979
.074979
.071979
.062986
.026996
.026996
.026996
.026996
.026996
.029997
.053984
.062986
.062986
.062986
.062986
.062986
.062986
.059985
0.000000
0.053975
0.290888
0.290888
0.290888
0.290888
0.290888
0.290888
0.290888
0.290888
0.290888
0.290888
0.290888
0.290888
0.000000
0.000000
0.000000
0.000000
0.000000
0.000000
0.000000
0.000000
0.170936
0.176937
0.000000
0.000000
0.000000
0.026988
0.032980
0.032980
0.032980
0.044982
0.059976
0.062977
0.119952
0.000000
0.000000
0.000000
0.000000
0.000000
0.000000
0.000000
0.000000
0.000000
0.000000
0.000000