-0.000000
-0.000000
-0.000000
-0.000000
-0.000000
-0.000000
-0.000000
-0.000000
-0.000000
-0.000000
-0.000000
-0.000000
-0.000000
-0.000000
-0.000000
-0.000000
-0.000000
-0.000000
-0.000000
-0.000000
-0.000000
0.071979
0.071979
0.071979
0.071979
0.071979
0.071979
0.071979
0.074979
0.149949
0.149949
0.131955
0.092974
0.065977
0.059985
0.056984
0.056984
0.074979
0.074979
0.077980
0.077980
0.077980
0.077980
0.101967
0.113960
0.110968
0.113960
0.110968
0.110968
0.110968
0.110968
0.110968
-0.000000
-0.000000
-0.000000
-0.000000
-0.113951
-0.000000
-0.017986
-0.050974
-0.000000
-0.000000
-0.000000
-0.089964
-0.143948
-0.143948
-0.185930
-0.089964
-0.089964
-0.000000
-0.000000
-0.000000
-0.000000
-0.023987
-0.146940
-0.000000
-0.000000
-0.000000
-0.000000
0.146949
-0.000000
-0.000000
-0.000000
0.161943
0.143957
0.092974
0.056984
0.026996
0.017995
0.012002
0.059985
0.080971
0.089973
0.206934
0.236922
0.242914
0.095974
0.017995
-0.000000
0.012002
0.050983
0.050983
0.003001
0.023996
0.029997
0.012002
-0.000000
-0.000000
-0.000000
0.131955
0.251916
0.290888
0.290888
0.185939
-0.000000
-0.000000
-0.000000
-0.000000
-0.000000
-0.000000
0.290888
0.290888
-0.000000
-0.000000
-0.035980
-0.000000
-0.000000
-0.000000
-0.000000
-0.000000
-0.000000
-0.000000
-0.000000
-0.000000
-0.000000
-0.000000
-0.000000
-0.000000
-0.000000
-0.000000
0.206934
-0.000000
-0.000000
0.260909
-0.104958
-0.000000
-0.000000
-0.000000
-0.000000
-0.000000
0.203933
0.200933
0.185939
0.179937
0.221928
0.128963
-0.000000
-0.000000
-0.000000
-0.000000
-0.000000
0.203933
0.092974
0.089973
0.068978
0.023996
-0.000000
-0.000000
-0.000000
-0.000000
-0.041982
-0.023987
-0.000000
-0.000000
-0.000000
-0.000000
-0.000000
-0.000000
-0.000000
0.125962
-0.000000
-0.000000
-0.000000
-0.000000
-0.000000
-0.000000
-0.000000
-0.185930
-0.000000
-0.000000
-0.000000
-0.000000
-0.000000
-0.000000
-0.000000
-0.000000
0.125962
0.122962
0.074979
0.032989
0.012002
-0.000000
-0.000000
-0.000000
-0.000000
0.023996
0.023996
0.023996
0.023996
0.092974
0.092974
0.089973
0.068978
0.098966
0.098966
0.182938
0.212926
0.290888
0.290888
0.290888
0.290888
0.290888
0.242914
-0.000000
-0.000000
-0.000000
-0.000000
-0.053975
-0.000000
0.188939
-0.000000
-0.000000
0.012002
-0.000000
-0.000000
-0.000000
-0.000000
-0.000000
-0.000000
-0.000000
-0.000000
0.062986
0.290888
-0.000000
-0.000000
-0.000000
-0.000000
-0.000000
-0.000000
-0.026988
-0.290888
-0.000000
-0.000000
-0.000000
0.047992
0.221928
0.125962
0.006001
0.233921
0.206934
0.197932
0.164943
0.164943
0.140956
0.074979
0.015003
-0.000000
-0.000000
-0.000000
-0.000000
-0.000000
0.089973
0.185939
0.206934
0.173945
0.053984
-0.000000
-0.000000
-0.000000
-0.000000
-0.239914
-0.000000
-0.000000
-0.000000
-0.137947
-0.000000
-0.000000
-0.152941
-0.000000
-0.000000
-0.290888
-0.290888
-0.290888
-0.000000
-0.000000
-0.014994
-0.290888
-0.000000
-0.000000
-0.104958
-0.098957
-0.000000
-0.000000
-0.000000
-0.059976
-0.000000
-0.000000
-0.000000
0.012002
0.290888
0.290888
-0.000000
-0.000000
0.290888
0.290888
0.257917
-0.000000
0.272911
0.290888
0.290888
-0.000000
-0.000000
0.188939
0.290888
-0.000000
-0.000000
0.015003
0.125962
0.137956
0.137956
0.134955
0.143957
0.065977
-0.000000
-0.000000
-0.000000
0.074979
0.122962
-0.000000
-0.000000
-0.000000
-0.000000
-0.000000
-0.000000
-0.000000
-0.000000
-0.000000
-0.000000
-0.000000
-0.000000
-0.000000
-0.000000
-0.000000
-0.000000
-0.000000
-0.000000
-0.000000
-0.000000
-0.000000
-0.000000
-0.000000
-0.000000
-0.000000
-0.000000
-0.000000
-0.000000