0.488281
0.427246
0.427246
0.366211
0.671387
0.366211
0.488281
0.671387
0.549316
1.586914
1.708984
3.112793
-1.281738
-0.732422
1.037598
3.906250
1.342773
2.319336
2.563477
-0.244141
3.479004
3.784180
-0.305176
7.507324
11.962891
16.662598
13.732910
14.831543
18.066406
16.113281
19.531250
20.019531
18.554688
19.226074
15.686035
15.869141
26.733398
22.766113
27.954102
24.658203
26.794434
39.062500
44.677734
46.875000
21.606445
21.850586
25.024414
41.015625
43.334961
48.095703
46.325684
52.246094
53.649902
50.842285
43.273926
24.475098
13.854980
-24.536133
-29.785156
-2.807617
-2.807617
-9.094238
61.645508
33.813477
-5.737305
0.793457
-17.028809
-42.968750
-34.057617
-0.854492
-20.507812
-24.841309
-36.804199
-2.136230
-34.729004
-32.775879
-37.353516
-40.771484
-43.395996
-45.104980
-13.671875
-5.615234
-0.183105
-0.732422
-0.305176
0.305176
1.403809
3.479004
4.821777
-1.464844
4.089355
3.051758
6.286621
8.056641
13.183594
17.578125
6.896973
15.991211
26.000977
13.305664
25.024414
32.775879
47.912598
53.894043
54.382324
58.898926
26.916504
11.169434
0.305176
1.647949
1.220703
5.920410
-1.220703
13.061523
27.343750
27.343750
27.770996
40.649414
36.437988
32.470703
32.470703
19.165039
23.986816
21.057129
11.840820
16.418457
11.718750
15.441895
11.718750
14.892578
15.625000
13.977051
9.948730
7.263184
12.268066
7.507324
10.620117
8.483887
6.164551
-3.967285
0.488281
11.413574
13.183594
28.442383
27.709961
29.479980
26.000977
23.803711
27.160645
23.254395
19.653320
21.179199
22.277832
19.409180
18.554688
4.150391
7.141113
2.746582
3.356934
3.417969
4.821777
-8.300781
0.244141
1.220703
-1.953125
-5.187988
-3.479004
-6.286621
-3.723145
-3.173828
-0.793457
-2.014160
-4.333496
2.929688
-1.098633
2.014160
2.014160
-3.906250
-0.305176
-5.920410
-1.770020
-1.098633
-9.094238
-8.056641
-1.708984
-2.807617
4.821777
12.390137
8.483887
11.169434
11.169434
8.361816
14.160156
10.375977
10.375977
13.305664
15.075684
9.399414
13.977051
8.605957
10.498047
7.385254
12.878418
44.006348
49.133301
59.509277
58.288574
47.363281
41.748047
13.183594
2.136230
8.605957
21.850586
58.532715
65.429688
63.293457
49.621582
50.781250
16.113281
34.179688
49.682617
50.231934
15.502930
1.708984
8.483887
4.577637
-0.366211
-0.793457
-17.456055
-20.324707
-8.117676
-2.807617
-3.601074
1.464844
-1.220703
-2.563477
-2.075195
-4.699707
-2.868652
-8.239746
-10.986328
-5.432129
-10.498047
-6.774902
-1.281738
65.795898
63.232422
6.896973
4.699707
2.990723
0.183105
2.258301
-0.305176
1.525879
-35.461426
-8.361816
-2.563477
-1.037598
-8.666992
-7.751465
-0.549316
-3.601074
-5.676270
-2.258301
-7.507324
-6.958008
-4.333496
-2.868652
-2.624512
2.014160
57.434082
55.236816
0.000000
2.807617
-3.906250
-2.502441
6.286621
1.220703
-5.310059
14.282227
59.204102
67.016602
65.673828
56.274414
9.155273
4.150391
19.592285
60.241699
68.176270
68.176270
29.357910
-7.385254
-5.310059
19.165039
58.715820
66.040039
28.503418
0.671387
11.718750
70.312500
65.185547
65.185547
0.061035
0.793457
0.244141
-1.220703
-2.929688
1.708984
20.996094
5.249023
2.014160
5.126953
0.793457
3.417969
3.112793
2.014160
3.356934
3.906250
9.948730
3.112793
-0.732422
4.333496
3.234863
-2.319336
4.821777
4.699707
23.925781
25.146484
28.198242
29.113770
27.160645
31.433105
26.794434
29.113770
29.968262
21.545410
23.986816
23.254395
22.766113
33.874512
35.461426
46.081543
40.588379
39.184570
35.888672
37.353516
36.865234
37.597656
36.926270
37.170410
38.024902
34.057617
28.442383
23.620605
4.455566
4.394531
-1.892090
-20.874023
-24.291992
-24.291992
-6.225586
0.671387
-10.498047
-6.225586
-10.131836
-17.944336
-18.005371
-20.324707
-20.568848
-22.949219
-30.456543
-34.240723
-37.658691
-26.306152
-20.874023
-8.666992
-9.216309
-5.493164
-3.967285
-3.906250
-4.516602
-4.699707
-1.647949
-3.051758
-1.892090
-1.037598
-1.403809
-5.187988
-5.432129
52.185059
57.495117
44.738770
43.273926
6.591797
0.549316
1.647949
6.713867
16.967773
21.972656
17.211914
27.465820
31.250000
45.715332
62.500000
68.054199
66.345215
52.734375
32.470703
11.047363
9.826660
9.155273
6.591797
23.498535
24.536133
26.000977
22.216797
22.766113
21.362305
24.719238
26.062012
20.629883
16.418457
23.498535
24.291992
28.137207
27.343750
27.770996
22.827148
22.216797
21.362305
18.127441
20.385742
23.498535
26.367188
23.559570
19.897461
20.690918
25.085449
17.761230
6.042480
-1.281738
4.394531
2.380371
5.432129
0.305176
0.549316
4.882812
2.441406
-11.718750
-19.653320
-3.112793
-5.493164
-1.281738
-2.441406
-1.892090
-4.516602
-8.117676
-6.591797
-4.272461
-3.540039
-4.821777
-5.004883
-9.765625
-0.183105
-3.173828
-2.746582
11.291504
30.944824
28.686523
35.522461
36.010742
33.569336
32.104492
35.644531
27.954102
28.564453
27.343750
28.137207
35.949707
37.963867
58.776855
69.885254
72.998047
78.186035
75.683594
82.031250
74.218750
75.073242
34.179688
-40.649414
-60.424805
-61.523438
-11.657715
-1.770020
-41.870117
-47.119141
-12.023926
7.141113
85.571289
81.359863
86.547852
11.413574
8.056641
4.760742
-8.666992
-59.936523
-12.695312
-12.512207
-32.226562
-45.532227
-2.685547
-43.151855
-49.255371
-8.544922
-0.305176
50.231934
88.378906
49.560547
6.286621
-3.784180
-0.671387
2.685547
6.225586
9.155273
2.075195
-1.281738
-20.202637
0.244141
0.000000
-0.427246
-0.427246
-4.638672
-8.789062
-1.770020
-9.521484
-13.854980
-12.695312
-11.596680
9.582520
19.409180
21.484375
-4.150391
-0.122070
8.483887
22.399902
30.761719
33.691406
24.291992
25.207520
0.549316
-0.488281
22.277832
50.170898
13.977051
22.277832
16.174316
29.663086
19.226074
17.211914
12.390137
15.197754
13.183594
14.953613
21.118164
27.343750
21.301270
23.681641
33.386230
52.917480
58.227539
53.771973
40.832520
42.114258
25.634766
18.737793
14.648438
7.141113
5.676270
1.037598
4.028320
4.882812
2.136230
16.906738
26.489258
13.061523
6.835938
2.197266
3.906250
-7.934570
-11.352539
-5.920410
-4.089355
-3.173828
-1.098633
-7.995605
-1.525879
51.757812
26.184082
26.184082
61.157227
85.937500
31.799316
-0.793457
-1.464844
4.882812
1.892090
-1.281738
31.311035
88.317871
99.609375
99.609375
99.670410
99.121094
1.037598
-0.671387
-3.662109
0.732422
22.460938
85.327148
37.109375
12.268066
11.535645
4.882812
1.831055
4.699707
-30.578613
-51.330566
-10.864258
-29.052734
-47.302246
-3.479004
-30.090332
-43.212891
-9.582520
-5.432129
-2.014160
-49.743652
-41.564941
-1.037598
-4.333496
-6.469727
18.371582
16.845703
6.347656
11.291504
47.485352
41.137695
25.817871
33.264160
2.685547
41.992188
105.407715
106.262207
78.308105
14.282227
0.549316
3.479004
6.958008
41.564941
100.402832
59.692383
56.213379
11.718750
8.850098
9.521484
-6.408691
2.075195
-2.075195
49.621582
49.621582
106.445312
43.823242
6.835938
-1.220703
2.929688
46.752930
96.618652
54.138184
6.713867
-0.305176
-7.751465
-48.034668
-24.353027
-24.475098
-16.479492
-10.253906
-5.249023
-4.516602
-12.573242
-10.742188
-5.798340
-4.394531
1.098633
5.371094
-0.244141
-4.455566
63.903809
74.401855
68.969727
47.912598
10.864258
24.230957
105.712891
43.273926
42.297363
3.356934
92.224121
53.283691
26.306152
99.731445
96.801758
100.341797
97.106934
41.076660
-2.380371
-47.729492
-78.552246
-10.864258
7.385254
37.170410
72.937012
4.272461
3.234863
2.380371
1.037598
-0.305176
-4.272461
-3.906250
-10.070801
-23.803711
-9.338379
-6.713867
-2.990723
-0.671387
-2.197266
-1.892090
-5.981445
-3.845215
-11.108398
-4.821777
-5.676270
1.037598
-3.540039
-5.920410
-5.615234
-8.117676
-4.272461
-3.295898
-2.624512
-1.586914
-3.356934
-5.126953
-6.103516
8.178711
57.250977
24.597168
0.793457
-7.629395
21.240234
21.118164
27.404785
25.329590
29.174805
22.155762
36.682129
34.606934
38.757324
36.804199
57.800293
63.354492
59.265137
64.636230
55.786133
54.565430
54.626465
52.917480
12.390137
8.178711
2.197266
15.197754
17.028809
14.160156
-5.615234
2.685547
41.381836
94.055176
17.089844
15.686035
17.761230
2.685547
7.934570
5.371094
33.325195
102.294922
63.415527
22.155762
24.841309
38.635254
8.728027
21.484375
30.090332
14.953613
-5.859375
0.366211
0.061035
0.183105
0.427246
0.427246
0.671387
0.427246
0.183105
0.488281
0.427246
0.427246
0.305176
0.488281
0.366211
0.366211
0.549316
0.671387