2.3402836322784424
2.3517231941223145
2.368459463119507
2.3784213066101074
2.3831627368927
2.392176389694214
2.4005303382873535
2.4072694778442383
2.4130845069885254
2.4139394760131836
2.417126178741455
2.4223928451538086
2.430896520614624
2.4336485862731934
2.4394400119781494
2.4436075687408447
2.4484376907348633
2.449944019317627
2.4550061225891113
2.456214666366577
2.4596056938171387
2.462883949279785
2.4613037109375
2.460357427597046
2.4567606449127197
2.456481695175171
2.4566335678100586
2.456632614135742
2.4636690616607666
2.4696426391601562
2.4701220989227295
2.4748451709747314
2.4787323474884033
2.4824562072753906
2.484429121017456
2.480436325073242
2.4791481494903564
2.468425989151001
2.4590117931365967
2.4493300914764404
2.4390861988067627
2.4188449382781982
2.4058544635772705
2.3996493816375732
2.385159730911255
2.3762459754943848
2.3648321628570557
2.346158504486084
2.3245911598205566
2.3003714084625244
2.272260904312134
2.2366487979888916
2.208778142929077
2.1574201583862305
2.1406290531158447
2.093981981277466
2.0416388511657715
1.9839709997177124
1.899857759475708
1.8936066627502441
2.0475831031799316
2.0384700298309326
2.0231685638427734
2.0253024101257324
2.032409906387329
2.2472641468048096
2.2259745597839355
2.3680648803710938
2.40700626373291
2.4159317016601562
2.419783115386963
2.392956495285034
2.3496265411376953
2.2807090282440186
2.27091383934021
2.21028733253479
2.158662796020508
2.1058781147003174
2.0615856647491455
2.0273284912109375
1.9866666793823242
1.9401776790618896
1.919926643371582
2.1217269897460938
2.132681131362915
2.260519504547119
2.259019374847412
2.2777833938598633
2.2852351665496826
2.3001246452331543
2.315972089767456
2.3047423362731934
2.289743661880493
2.258812665939331
2.2369041442871094
2.2167108058929443
2.2017626762390137
2.185621500015259
2.1866629123687744
2.171541690826416
2.1835408210754395
2.1886539459228516
2.151209592819214
2.1676061153411865
2.16900897026062
2.130793333053589
2.116783618927002
2.0968494415283203
2.096778631210327
2.0753560066223145
2.051196575164795
2.018217086791992
1.9976249933242798
1.9825456142425537
1.9551528692245483
1.9715938568115234
1.9847397804260254
2.1196184158325195
2.1433637142181396
2.168663501739502
2.2034263610839844
2.2383060455322266
2.2856357097625732
2.332428455352783
2.3586981296539307
2.4237358570098877
2.476486921310425
2.516078472137451
2.5727293491363525
2.600754499435425
2.643638849258423
2.643638849258423
2.7092320919036865
2.762619972229004
2.79313063621521
2.872411012649536
2.8998570442199707
2.9093682765960693
2.9039204120635986
2.8776843547821045
2.8572661876678467
2.8308534622192383
2.806873321533203
2.7824625968933105
2.764735460281372
2.762803792953491
2.714195966720581
2.6830499172210693
2.6379125118255615
2.650036573410034
2.640104055404663
2.6271541118621826
2.6267759799957275
2.6041553020477295
2.5853540897369385
2.524078130722046
2.5187788009643555
2.609147310256958
2.611877918243408
2.5981786251068115
2.5785012245178223
2.5535964965820312
2.534611940383911
2.518359899520874
2.518359899520874
2.4845008850097656
2.466878890991211
2.448568105697632
2.430877447128296
2.413215160369873
2.4038846492767334
2.379688262939453
2.3536174297332764
2.3312082290649414
2.3040757179260254
2.3016579151153564
2.416062831878662
2.6750810146331787
2.830562114715576
2.8411717414855957
2.855393409729004
2.8381407260894775
2.82253360748291
2.8017146587371826
2.787310838699341
2.774724245071411
2.7609450817108154
2.74607253074646
2.728156566619873
2.7191643714904785
2.6991453170776367
2.6784114837646484
2.656334161758423
2.615784168243408
2.5856821537017822
2.5547995567321777
2.523864507675171
2.500092029571533
2.4722726345062256
2.4451749324798584
2.386242151260376
2.3877694606781006
2.3877694606781006
2.3877694606781006
2.3877694606781006
2.3877694606781006
2.3877694606781006
2.4063732624053955
2.411384344100952
2.4198949337005615
2.4246346950531006
2.430784225463867
2.4296820163726807
2.4221599102020264
2.475423812866211
2.5594358444213867
2.585437297821045
2.599168539047241
2.8138139247894287
2.821370840072632
2.8224599361419678
2.8101918697357178
2.7735140323638916
2.746274709701538
2.7152111530303955
2.6494626998901367
2.6405839920043945
2.593883514404297
2.551419973373413
2.5066213607788086
2.4624953269958496
2.4196109771728516
2.388840913772583
2.3636631965637207
2.3811376094818115
2.525989294052124
2.542405128479004
2.5421335697174072
2.46152925491333
2.45671010017395
2.4209537506103516
2.3405706882476807
2.320378065109253
2.3161118030548096
2.2414700984954834
2.1909801959991455
2.2031469345092773
2.1661088466644287
2.124915361404419
2.079033613204956
2.000600576400757
2.0017974376678467
2.0017974376678467
2.2587153911590576
2.2587153911590576
2.256701946258545
2.1760365962982178
2.167818307876587
2.149029493331909
2.38089919090271
2.3875715732574463
2.394252061843872
2.4016668796539307
2.551708698272705
2.5882699489593506
2.6656007766723633
2.7800140380859375
2.7804055213928223
2.7671666145324707
2.736198663711548
2.69480299949646
2.6113009452819824
2.576629877090454
2.5256118774414062
2.467216968536377
2.383052110671997
2.3320188522338867
2.3207437992095947
2.2605831623077393
2.241997718811035
2.207850694656372
2.2091829776763916
2.1722564697265625
2.1590118408203125
2.1050314903259277
2.0131726264953613
2.1215755939483643
2.324310302734375
2.3403940200805664
2.342862367630005
2.2942004203796387
2.235252618789673
2.137934684753418
1.9445611238479614
1.9495463371276855
1.9405750036239624
1.892166018486023
1.8258423805236816
1.6457328796386719
1.648866891860962
1.6612108945846558
1.7809935808181763
1.8202884197235107
1.8363157510757446
1.7762041091918945
1.7794240713119507
2.0274176597595215
2.030120372772217
2.024949073791504
2.018101930618286
2.002330780029297
1.974247694015503
1.9560678005218506
1.9320144653320312
1.8965657949447632
1.8495382070541382
1.8025429248809814
1.7714087963104248
1.7386964559555054
1.7180149555206299
1.7158795595169067
1.6978797912597656
1.6642534732818604
1.6481611728668213
1.6238197088241577
1.6030317544937134
1.5803812742233276
1.5573314428329468
1.5308064222335815
1.51179838180542
1.5896494388580322
1.5802711248397827
1.613254189491272
1.616972804069519
1.6185743808746338
1.6313163042068481
1.648454189300537
1.6632308959960938
1.6775048971176147
1.6826410293579102
1.6882802248001099
1.6816874742507935
1.6668508052825928
1.631219744682312
1.5898041725158691
1.5842382907867432
1.5266196727752686
1.620242714881897
1.640573501586914
1.6439346075057983
1.6573623418807983
1.6645517349243164
1.6658657789230347
1.6699377298355103
1.6804159879684448
1.6895889043807983
1.6891791820526123
1.6898022890090942
1.688111424446106
1.7039824724197388
1.7113789319992065
1.7747831344604492
1.781996250152588
1.780684471130371
1.7459796667099
1.6918872594833374
1.6434199810028076
1.5537946224212646
1.55881667137146
1.5744751691818237
1.5549672842025757
1.50637948513031
1.4147350788116455
1.383453369140625
1.3825138807296753
1.3003818988800049
1.4057196378707886
1.4208699464797974
1.4502861499786377
1.5261751413345337
1.6209360361099243
1.7192909717559814
1.7965342998504639
1.8049288988113403
1.7876688241958618
1.6944830417633057
1.695821762084961
1.9840601682662964
1.980635643005371
1.9755909442901611
1.9124761819839478
1.8282735347747803
1.8010293245315552
1.7314928770065308
1.6219760179519653
1.5848963260650635
1.559605360031128
1.5645462274551392
1.5559347867965698
1.5308886766433716
1.4649803638458252
1.2953503131866455