0.0
0.12689268589019775
0.05506663769483566
0.05506663769483566
0.06703764945268631
0.07661445438861847
0.06464344263076782
0.019153613597154617
0.08619125932455063
0.10534487664699554
-0.5602431893348694
-0.3663128614425659
0.5554547905921936
0.05746084079146385
0.181959331035614
0.181959331035614
-1.5394716262817383
-1.5394716262817383
-2.0901379585266113
-3.7158010005950928
3.4811692237854004
3.4811692237854004
-3.620033025741577
-2.5067291259765625
0.6392518281936646
0.6392518281936646
-3.9671921730041504
-3.9671921730041504
2.051830768585205
0.5051765441894531
2.9233202934265137
-2.231395959854126
-0.31842881441116333
0.1867477297782898
2.719813108444214
-1.5945383310317993
1.546654224395752
1.8267759084701538
0.19632454216480255
0.29448679089546204
1.9273322820663452
-8.149862289428711
-2.6360161304473877
2.578555107116699
0.5961562395095825
-4.448426723480225
2.4157495498657227
2.1787235736846924
-6.066906929016113
0.912190854549408
0.06224924325942993
-5.942408561706543
1.216254472732544
0.569819986820221
4.508281707763672
-1.1516109704971313
-1.1516109704971313
1.668758511543274
-5.0685248374938965
0.3232172131538391
-3.3638532161712646
-3.3638532161712646
-7.510610580444336
-4.575319290161133
2.9161376953125
-11.640608787536621
-4.898536682128906
6.756437301635742
3.840299367904663
5.147533416748047
2.3535001277923584
2.3535001277923584
-0.8547300100326538
-2.9496564865112305
-1.6950948238372803
1.7621324062347412
2.844311475753784
3.9839515686035156
2.8538882732391357
-2.2385785579681396
5.137956619262695
10.417171478271484
-2.827552080154419
-1.6089035272598267
2.784456491470337
0.5841851830482483
-2.7054479122161865
3.404554843902588
-4.278438568115234
-0.8451532125473022
5.880159378051758
-5.286397457122803
1.7334020137786865
0.2609679698944092
2.4684219360351562
4.695029258728027
-1.3215993642807007
-3.6104559898376465
5.870582580566406
0.7972691655158997
-4.733336448669434
7.192181587219238
-2.7269957065582275
3.5386300086975098
-3.6798880100250244
6.9910688400268555
0.5722141861915588
1.8195933103561401
-0.028730420395731926
3.1196448802948
-2.032677173614502
2.255337953567505
3.2393548488616943
2.209848165512085
-5.2480902671813965
-8.7268648147583
-4.7405195236206055
-3.4093432426452637
-6.2153472900390625
-5.310339450836182
-2.229001760482788
-3.9193081855773926
-1.965639591217041
5.173869609832764
-5.628767967224121
0.8978255987167358
8.111555099487305
-0.36152446269989014
0.6655880808830261
6.186616897583008
-2.5977087020874023
-2.3535001277923584
-4.022258758544922
-4.022258758544922
3.2752678394317627
4.036623954772949
1.1252747774124146
3.4141316413879395
4.793191909790039
5.118803024291992
4.268861770629883
5.702988147735596
4.077325344085693
2.6886885166168213
2.6886885166168213
4.199429512023926
1.2545616626739502
-2.3558943271636963
5.724535942077637
7.903259754180908
-2.3032219409942627
1.1563993692398071
-0.3663128614425659
-2.3247697353363037
0.667982280254364
-1.436521053314209
0.6416460275650024
-0.38546645641326904
-1.3838485479354858
-1.3838485479354858
-1.3838485479354858
-1.3838485479354858
-1.3838485479354858
-1.3838485479354858
-1.3838485479354858
0.8403647541999817
0.8403647541999817
0.8403647541999817
0.8403647541999817
0.8403647541999817
-0.871489405632019
-2.535459518432617
-4.0749311447143555
-0.7972691655158997
-1.482010841369629
0.08858545869588852
2.6671407222747803
3.33512282371521
6.921637058258057
0.7230489253997803
0.7230489253997803
2.4875755310058594
1.2976572513580322
2.557007312774658
-0.3280056416988373
1.2234370708465576
1.2234370708465576
1.2234370708465576
-2.3080103397369385
-4.031835556030273
2.676717519760132
-0.8643068075180054
0.19153612852096558
0.2585737705230713
-1.3311761617660522
1.6974890232086182
0.8164227604866028
7.544129371643066
0.15322890877723694
-0.24899697303771973
-0.3687070608139038
3.308786630630493
3.308786630630493
3.141192674636841
-0.833182156085968
0.7996633648872375
-3.0310592651367188
-1.4700398445129395
1.7477672100067139
-2.432508945465088
0.7781155109405518
-0.7685387134552002
-0.12449848651885986
-2.032677173614502
0.9648632407188416
0.6967126727104187
0.8068459630012512
0.8068459630012512
0.8068459630012512
-0.6536170244216919
0.14844051003456116
2.013523578643799
3.9264907836914062
1.3838485479354858
0.9241618514060974
0.9313444495201111
-0.12928688526153564
-0.12928688526153564
-0.12928688526153564
4.972756862640381
5.87776517868042
4.055777549743652
2.5019407272338867
3.6774938106536865
-2.274491548538208
3.4739866256713867
-2.008735179901123
0.23702596127986908
0.06464344263076782
6.936002254486084
-3.450044631958008
3.2369606494903564
-1.5658079385757446
0.13168108463287354
-0.325611412525177
0.6105214357376099
-2.8395230770111084
0.9169792532920837
1.1516109704971313
-0.40940847992897034
-1.1444283723831177
-9.859322547912598
5.085284233093262
6.200982093811035
3.713406801223755
2.892195701599121
3.074154853820801
1.987187385559082
0.06703764945268631
1.3215993642807007
1.0797849893569946
-2.513911724090576
-2.097320556640625
-3.4165258407592773
-1.2641384601593018
3.9456443786621094
-3.6774938106536865
-3.141192674636841
5.571307182312012
-1.6065093278884888
-2.2673089504241943
-0.05027823522686958
-0.026336219161748886
0.07182604819536209
1.3239935636520386
-4.331110954284668
0.3423708379268646
7.611166954040527
2.8802247047424316
-3.536235809326172
2.231395959854126
1.6208745241165161
2.255337953567505
2.456450939178467
4.314351558685303
-2.099714756011963
-1.4700398445129395
-2.4803929328918457
4.086902141571045
0.38067805767059326
-2.4875755310058594
1.2401964664459229
-5.540182590484619
-5.540182590484619
-5.540182590484619
-0.5243301391601562
4.113238334655762
4.113238334655762
-5.580883979797363
-3.1699230670928955
-3.1699230670928955
-3.1699230670928955
-3.1699230670928955
-4.704606056213379
2.169146776199341
6.296750545501709
-5.813121795654297
-0.8834604024887085
-0.8834604024887085
-6.825869083404541
3.426102638244629
-0.416591078042984
0.0
0.0
0.0
0.0
0.0
0.0
0.0
0.0
0.0
-1.3072340488433838
1.0893617868423462
-0.9528922438621521
8.528146743774414
10.857704162597656
-4.551377296447754
-5.4659624099731445
-0.31842881441116333
-4.508281707763672
2.229001760482788
-4.027047157287598
-3.866635799407959
-0.49799394607543945
-0.49799394607543945
-1.1971008777618408
-1.4437036514282227
4.817133903503418
1.8531121015548706
1.8531121015548706
-2.786850690841675
1.7477672100067139
1.7477672100067139
1.1563993692398071
1.7334020137786865
-1.6496049165725708
-1.6496049165725708
-1.6496049165725708
-2.7557260990142822
-5.559336185455322
-0.6727706789970398
-1.7381904125213623
-2.425326347351074
0.038307227194309235
0.038307227194309235
-6.196193695068359
-3.3016040325164795
-2.513911724090576
-1.2617442607879639
-2.693476915359497
-1.580173134803772
6.684610843658447
6.610390663146973
3.8139631748199463
1.5658079385757446
-6.354211330413818
-6.763619899749756
-4.015076160430908
-0.38546645641326904
-2.4684219360351562
-0.2992752194404602
-0.6655880808830261
-4.137180328369141
4.613626480102539
-0.14604629576206207
-2.427720546722412
-2.427720546722412
1.6639701128005981
1.968033790588379
1.3766659498214722
5.104437828063965
5.647921562194824
4.553771495819092
-0.15322890877723694
-0.15322890877723694
4.5394062995910645
2.252943754196167
1.1994950771331787
-1.422155737876892
4.702211856842041
3.9432501792907715
-1.9512743949890137
4.4508209228515625
4.4508209228515625
-4.098873138427734
8.303091049194336
2.0877437591552734
-0.9983820915222168
-5.355829238891602
0.7398083209991455
2.1475989818573
0.4692635238170624
2.406172752380371
-5.432443618774414
-1.4077905416488647
1.5514426231384277
-0.7948749661445618
2.27209734916687
6.478709697723389
4.400542736053467
7.807491779327393
8.62391471862793
-0.9193734526634216
3.8283283710479736
3.423708438873291
-0.3519476354122162
0.08379705995321274
3.971980571746826
-2.6623523235321045
-0.33518823981285095
3.845087766647339
5.173869609832764
3.9647979736328125
-1.7070658206939697
1.501164436340332
5.16668701171875
5.743690013885498
3.845087766647339
-4.857835292816162
-0.06464344263076782
-1.3455413579940796
-1.1204863786697388
-1.6112977266311646
6.634332656860352
1.3623007535934448
-2.8371288776397705
2.6144680976867676
-5.0900726318359375
0.31603461503982544
-7.8745293617248535
0.3974374830722809
3.5625720024108887
-3.2752678394317627
0.42616790533065796
-3.5865139961242676
-2.1523873805999756
-7.560888767242432
-0.11971008032560349
0.3208230137825012
0.031124621629714966
-5.12119722366333
-3.33512282371521
0.8092401623725891
1.4915876388549805
3.648763418197632
0.38546645641326904
-5.142745018005371
1.6927006244659424
-5.736507415771484
-5.736507415771484
0.9050082564353943
3.3734302520751953
0.9840168952941895
3.4356794357299805
1.0845733880996704
1.7693150043487549
0.5267243385314941
-6.260837554931641
-1.7094600200653076
-3.064578056335449
7.82185697555542
-3.272873640060425
6.107608318328857
-3.931279182434082
9.93833065032959
-2.298433542251587
-2.2433669567108154
-0.42616790533065796
5.7077765464782715
-5.12119722366333
1.0247182846069336
-7.333439826965332
0.13168108463287354
0.1628057062625885
1.5322890281677246
4.098873138427734
-1.0055646896362305
0.2059013396501541
1.3838485479354858
1.1994950771331787
-1.5945383310317993
6.121973514556885
-5.7077765464782715
-0.7469909191131592
-4.137180328369141
-4.137180328369141
-1.0438718795776367
-1.0438718795776367
-1.0438718795776367
-1.0438718795776367
-1.0438718795776367
-4.620809078216553
3.088520050048828
3.088520050048828
3.088520050048828
3.088520050048828
3.088520050048828
3.088520050048828
3.088520050048828
3.088520050048828
3.088520050048828
-0.6033388376235962
-0.6033388376235962
-0.6033388376235962
-0.6033388376235962
-0.6033388376235962
5.04218864440918
5.04218864440918
5.04218864440918
5.04218864440918
-3.1507694721221924
1.0486602783203125
-2.6431987285614014
-6.445190906524658
5.104437828063965
6.655880451202393
-2.276885747909546
7.1658453941345215
-2.542642116546631
-5.688622951507568
-5.688622951507568
6.976703643798828
-4.010287761688232
-1.6208745241165161
2.4013843536376953
1.3503297567367554
-0.9385270476341248
-0.20111294090747833
-3.6535518169403076
-7.082048416137695
-2.1763293743133545
4.5154643058776855
-2.054224967956543
-2.248155355453491
-5.303156852722168
-3.914519786834717
-2.4013843536376953
-3.88818359375
-3.7445313930511475
-3.7445313930511475
-3.445256233215332
1.2090718746185303
-11.719616889953613
-1.036689281463623
5.106832027435303
0.9217676520347595
0.9217676520347595
-0.05985504016280174
-2.671929121017456
1.6950948238372803
3.1004910469055176
-2.786850690841675
6.955155849456787
1.8962076902389526
4.718971252441406
4.620809078216553
2.3127987384796143
4.63517427444458
3.043030261993408
6.445190906524658
-2.9328970909118652
0.6153098344802856
-2.0446481704711914
2.2577321529388428
4.218583106994629
2.978386878967285
6.40927791595459
3.5913023948669434
1.2473790645599365
-3.5434184074401855
8.169015884399414
-2.2002713680267334
-7.295132637023926
3.9432501792907715
3.7612907886505127
0.4668693244457245
3.907337188720703
-4.505887508392334
4.216188907623291
-2.892195701599121
-1.8004395961761475
-1.98958158493042
-0.5626373887062073
1.6208745241165161
2.056619167327881
-3.406949043273926
1.6567875146865845
-1.9369091987609863
-3.3423054218292236
-3.045424461364746
-1.7980453968048096
-1.2976572513580322
-4.304774761199951
4.754884719848633
-4.888959884643555
-3.93367338180542
-0.7613561153411865
6.179434299468994
2.9759926795959473
-8.865728378295898
-6.746860504150391
0.3495534360408783
-4.381389141082764
-3.4117374420166016
-1.987187385559082
1.015141487121582
0.35673603415489197
0.3734954595565796
-0.9624690413475037
-0.9624690413475037
-5.614402770996094
-6.629544258117676
2.183511972427368
6.354211330413818
0.395043283700943
2.6240451335906982
-1.1635819673538208
-4.4532151222229
9.239224433898926
0.22266075015068054
-9.873687744140625
-1.2018892765045166
-2.0398597717285156
2.6886885166168213
-9.528923034667969
-7.659050941467285
-8.169015884399414
1.1276689767837524
7.582436561584473
7.582436561584473
2.6431987285614014
2.6431987285614014
0.3519476354122162
0.3519476354122162
5.063736438751221
5.063736438751221
5.063736438751221
5.063736438751221
1.256955862045288
-0.9217676520347595
4.817133903503418
4.817133903503418
-5.432443618774414
-5.432443618774414
-1.5634137392044067
-1.5634137392044067
-1.5634137392044067
-0.05267243832349777
0.7661445140838623
5.494692802429199
-9.375693321228027
-0.8978255987167358
-2.1092915534973145
6.8162922859191895
6.8162922859191895
6.8162922859191895
6.8162922859191895
-6.885724067687988
-6.885724067687988
-1.790862798690796
-0.3734954595565796
-6.1722517013549805
-2.851494073867798
-2.851494073867798
-2.851494073867798
-2.851494073867798
-2.851494073867798
-3.0837316513061523
6.605602264404297
-2.6431987285614014
-6.270414352416992
-0.7709329128265381
4.690240859985352
2.2625205516815186
2.7509377002716064
3.045424461364746
3.045424461364746
-6.588842868804932
2.7054479122161865
5.102043628692627
6.737283706665039
4.642356872558594
3.732560396194458
-1.1635819673538208
1.4125789403915405
6.021417140960693
-5.018246650695801
0.3423708379268646
-5.018246650695801
2.27209734916687
-1.1707645654678345
0.14844051003456116
0.6368576288223267
0.43335050344467163
2.315192937850952
2.2912509441375732
1.422155737876892
-4.934449672698975
1.3000514507293701
-0.023942016065120697
3.2800562381744385
0.591367781162262
-0.45489832758903503
0.8547300100326538
-2.9927520751953125
10.04846477508545
10.04846477508545
1.6304513216018677
-8.245630264282227
-1.5275006294250488
2.164358377456665
0.6248866319656372
1.647210717201233
-7.422025203704834
0.05027823522686958
5.238513469696045
3.773261785507202
2.671929121017456
2.47560453414917
-1.7094600200653076
3.622427225112915
-0.8786720037460327
6.009446144104004
-2.669534921646118
-1.8507179021835327
-1.1061211824417114
3.797203779220581
-4.1395745277404785
2.607285499572754
-0.4572925269603729
-0.28730419278144836
5.355829238891602
-2.097320556640625
-4.199429512023926
-4.673481464385986
4.1395745277404785
-0.1412578970193863
2.762908697128296
2.5546131134033203
2.5258827209472656
-2.497152328491211
-1.2186486721038818
1.316810965538025
-2.7533318996429443
-2.0374655723571777
-2.207453966140747
-2.5713725090026855
-1.1037269830703735
-2.1571757793426514
-2.741360902786255
3.311180830001831
3.0621838569641113
0.2106897532939911
-4.843470096588135
5.243301868438721
-4.211400508880615
-1.137245774269104
4.469974517822266
-3.021482467651367
-1.0797849893569946
-5.74129581451416
0.3471592366695404
-1.036689281463623
7.987056732177734
-2.8395230770111084
-3.4548330307006836
-2.051830768585205
-6.7923502922058105
-5.521028995513916
5.477933406829834
-6.897695064544678
-2.964021682739258
-6.531382083892822
3.603273391723633
-2.6599581241607666
-2.8323404788970947
-1.1635819673538208
-4.553771495819092
1.7764976024627686
1.335964560508728
-8.085219383239746
-9.23443603515625
22.943634033203125
5.7772088050842285
11.954248428344727
-2.166752576828003
2.456450939178467
-0.5003881454467773
-0.9983820915222168
-0.9983820915222168
-0.9983820915222168
5.5760955810546875
-1.1875240802764893
0.7709329128265381
1.5538368225097656
1.5538368225097656
-0.014365210197865963
-0.30885201692581177
-0.30885201692581177
-0.30885201692581177
0.10295066982507706
0.10295066982507706
0.10055647045373917
0.10055647045373917
0.12689268589019775
0.12689268589019775
0.11252747476100922
0.11252747476100922
0.11252747476100922
