2.094433069229126
2.229926586151123
2.2415246963500977
2.2528462409973145
2.2753171920776367
2.297868490219116
2.309276819229126
2.3428585529327393
2.3654158115386963
2.376856565475464
2.388117790222168
2.3994414806365967
2.4108142852783203
2.434708833694458
2.4447686672210693
2.4762189388275146
2.4967381954193115
2.505244016647339
2.512333631515503
2.537841558456421
2.5531883239746094
2.5595593452453613
2.56581449508667
2.581266164779663
2.597698211669922
2.622844934463501
2.638209104537964
2.6560893058776855
2.683368444442749
2.7055957317352295
2.72082781791687
2.8250041007995605
2.9256043434143066
3.0061800479888916
3.077331304550171
3.077331304550171
-3.1114423274993896
-3.0612995624542236
-3.0337603092193604
-3.0337603092193604
-3.000839948654175
-2.9462149143218994
-2.928051710128784
-2.9174506664276123
-2.876774549484253
-2.86612868309021
-2.8305256366729736
-2.7984213829040527
-2.7477149963378906
-2.6963744163513184
-2.6723268032073975
-2.6442244052886963
-2.629152297973633
-2.5812785625457764
-2.541541337966919
-2.527228832244873
-2.511218547821045
-2.503833055496216
-2.5160107612609863
-2.515531539916992
-2.517508029937744
-2.5258750915527344
-2.5351271629333496
-2.5294113159179688
-2.5222115516662598
-2.532113790512085
-2.537017822265625
-2.574040412902832
-2.611875295639038
-2.653912305831909
-2.6849629878997803
-2.6863341331481934
-2.6911566257476807
-2.6867663860321045
-2.6863338947296143
-2.693977117538452
-2.7250308990478516
-2.724726915359497
-2.7224879264831543
-2.7172110080718994
-2.6957449913024902
-2.6444029808044434
-2.6186716556549072
-2.608316421508789
-2.5820348262786865
-2.512629508972168
-2.4637436866760254
-2.427954912185669
-2.3873159885406494
-2.3752057552337646
-2.3506782054901123
-2.332780361175537
-2.307640314102173
-2.268761396408081
-2.20133638381958
-2.127509117126465
-2.0293004512786865
-1.9663934707641602
-1.8929767608642578
-1.8639181852340698
-1.8497514724731445
-1.84183669090271
-1.8252007961273193
-1.8062628507614136
-1.7962228059768677
-1.7883366346359253
-1.7776259183883667
-1.763390302658081
-1.7502371072769165
-1.7395886182785034
-1.7320796251296997
-1.6778582334518433
-1.6030021905899048
-1.5560747385025024
-1.4929183721542358
-1.4301811456680298
-1.3996928930282593
-1.3895171880722046
-1.3785487413406372
-1.3644417524337769
-1.3499151468276978
-1.3417845964431763
-1.2772901058197021
-1.1705107688903809
-1.144468903541565
-1.1364604234695435
-1.132584571838379
-1.1272214651107788
-1.1239781379699707
-1.1190074682235718
-1.1096806526184082
-1.1102166175842285
-1.1011874675750732
-1.0973278284072876
-1.095455527305603
-1.0916783809661865
-1.0857698917388916
-1.080407738685608
-1.0772888660430908
-1.075170874595642
-1.0750714540481567
-1.0716520547866821
-1.0640777349472046
-0.9469044208526611
-0.9387170076370239
-0.9216126799583435
-0.8666759729385376
-0.8326919674873352
-0.8335047960281372
-0.8293859958648682
-0.8251497149467468
-0.8214724659919739
-0.8196989893913269
-0.6574009656906128
-0.5568994879722595
-0.48841264843940735
-0.3725646436214447
-0.29863032698631287
-0.2463286817073822
-0.22684897482395172
-0.22097663581371307
-0.20692820847034454
-0.193492591381073
-0.15777352452278137
-0.09069553017616272
-0.03102450631558895
0.017038537189364433
0.03427759185433388
0.06566564738750458
0.07869694381952286
0.0895782932639122
0.09956695139408112
0.10656536370515823
0.10601355135440826
0.10384266078472137
0.105657659471035
0.10466305166482925
0.09736421704292297
0.09348374605178833
0.09423360228538513
0.09934302419424057
0.10464748740196228
0.17504292726516724
0.20780344307422638
0.2182994931936264
0.2259977161884308
0.23418085277080536
0.24863073229789734
0.259280264377594
0.26330599188804626
0.2287198305130005
0.21139627695083618
0.21264149248600006
0.21734440326690674
0.218313068151474
0.21939538419246674
0.22103984653949738
0.22190307080745697
0.2235010266304016
0.27300965785980225
0.3072534501552582
0.3315364420413971
0.35400742292404175
0.3599666953086853
0.3714105188846588
0.38712459802627563
0.39488300681114197
0.4069266617298126
0.4100618064403534
0.4196839928627014
0.43431830406188965
0.44648051261901855
0.4890609085559845
0.5314152836799622
0.568142831325531
0.5982049107551575
0.6408916115760803
0.6971665620803833
0.7719664573669434
0.8392856121063232
0.9112141728401184
1.0032163858413696
1.0357624292373657
1.1260018348693848
1.2474764585494995
1.322924256324768
1.3316895961761475
1.344844937324524
1.3509033918380737
1.3605942726135254
1.3595763444900513
1.3653481006622314
1.4429302215576172
1.459848403930664
1.4901123046875
1.4977712631225586
1.5103604793548584
1.5160654783248901
1.5277644395828247
1.5541151762008667
1.5704336166381836
1.5882619619369507
1.6033068895339966
1.6234492063522339
1.6498613357543945
1.703298568725586
1.7178763151168823
1.7352397441864014
1.750637173652649
1.7572271823883057
1.760506272315979
1.7640995979309082
1.7435057163238525
1.7216603755950928
1.7218624353408813
1.7298099994659424
1.7362442016601562
1.7362442016601562
1.8543126583099365
1.9141298532485962
1.9484318494796753
2.0186448097229004
2.1337027549743652
2.2235589027404785
2.2994015216827393
2.363185167312622
2.4110450744628906
2.437376022338867
2.4444265365600586
2.45223331451416
2.4597554206848145
2.4645471572875977
2.468665361404419
2.493692398071289
2.5715835094451904
2.636164903640747
2.636164903640747
2.7832770347595215
2.8024678230285645
2.81076717376709
2.8194093704223633
2.8307912349700928
2.8315017223358154
2.803480625152588
2.7931089401245117
2.7941131591796875
2.791753053665161
2.7791738510131836
2.780024766921997
2.7676842212677
2.7481770515441895
2.736236095428467
2.7277355194091797
2.690459728240967
2.654792308807373
2.6189939975738525
2.613450765609741
2.6072428226470947
2.5923542976379395
2.5521841049194336
2.5519707202911377
2.552231788635254
2.5294010639190674
2.50698184967041
2.5045106410980225
2.5061826705932617
2.506650447845459
2.5006375312805176
2.501357316970825
2.500856399536133
2.506465435028076
2.519867420196533
2.56823992729187
2.605452537536621
2.6124508380889893
2.625485420227051
2.660402536392212
2.6959521770477295
2.739100694656372
2.7478833198547363
2.796401262283325
2.828376054763794
2.9281060695648193
2.961411476135254
2.9695558547973633
3.0072121620178223
3.072246551513672
3.101849317550659
3.1025102138519287
3.10117244720459
-3.137929916381836
-3.0918962955474854
-3.051461696624756
-3.0091443061828613
-2.986841917037964
-2.9828221797943115
-2.9935035705566406
-3.0304791927337646
-3.0367965698242188
-3.029033660888672
-3.0210390090942383
-3.014632225036621
-3.0072102546691895
-2.9995133876800537
-2.9917094707489014
-2.983283519744873
-2.9751882553100586
-2.9669477939605713
-2.9549994468688965
-2.9468281269073486
-2.938753128051758
-2.9305365085601807
-2.9183974266052246
-2.914369821548462
-2.9056544303894043
-2.890841245651245
-2.881542444229126
-2.8714118003845215
-2.866563558578491
-2.8567752838134766
-2.851848840713501
-2.8423092365264893
-2.8324761390686035
-2.8275322914123535
-2.8178293704986572
-2.8081202507019043
