0.0
-62.58076858520508
-62.58076858520508
42.5076904296875
-203.09230041503906
-203.09230041503906
-200.73077392578125
198.03187561035156
198.03187561035156
-210.5142822265625
-210.5142822265625
-195.83900451660156
210.85165405273438
210.85165405273438
98.67857360839844
198.87527465820312
198.87527465820312
184.70603942871094
-169.6934051513672
-169.6934051513672
26.482967376708984
26.482967376708984
204.2730712890625
204.2730712890625
-115.71538543701172
201.06813049316406
201.06813049316406
-212.2010955810547
-212.2010955810547
117.23351287841797
71.18351745605469
71.18351745605469
167.83790588378906
-19.904396057128906
-19.904396057128906
171.04286193847656
171.04286193847656
42.67637252807617
182.85055541992188
-52.29121017456055
-52.29121017456055
-80.62966918945312
-20.91648292541504
-20.91648292541504
170.36813354492188
170.36813354492188
-12.313735961914062
59.881866455078125
59.881866455078125
130.72802734375
130.72802734375
-234.8043975830078
-24.796154022216797
-36.94120788574219
-36.94120788574219
82.65384674072266
-78.77417755126953
-201.9115447998047
-201.9115447998047
-21.759889602661133
-220.2978057861328
-220.2978057861328
158.7291259765625
-181.33241271972656
-181.33241271972656
-217.59890747070312
-217.59890747070312
-13.157142639160156
-13.157142639160156
-13.157142639160156
-104.41373443603516
183.01922607421875
183.01922607421875
35.591758728027344
35.591758728027344
184.0313262939453
171.5489044189453
171.5489044189453
-195.50164794921875
-219.79176330566406
189.59780883789062
189.59780883789062
-11.63901138305664
-11.63901138305664
176.77801513671875
-189.26043701171875
-228.39450073242188
-228.39450073242188
172.72967529296875
170.19944763183594
170.19944763183594
146.75274658203125
-17.205493927001953
-17.205493927001953
175.59725952148438
-24.121429443359375
-178.46482849121094
163.11483764648438
163.11483764648438
177.62142944335938
-224.51483154296875
-224.51483154296875
-33.736263275146484
174.247802734375
-44.02582550048828
-143.5478057861328
-143.5478057861328
169.86209106445312
169.86209106445312
-57.014286041259766
-208.32142639160156
-208.32142639160156
-213.0445098876953
-213.0445098876953
-28.507143020629883
-28.507143020629883
-216.7554931640625
-9.277472496032715
-9.277472496032715
-44.19450378417969
-44.19450378417969
-209.1648406982422
-248.63626098632812
-248.63626098632812
-48.7489013671875
114.53461456298828
-44.869232177734375
-44.869232177734375
-205.28517150878906
171.7175750732422
171.7175750732422
171.7175750732422
103.57032775878906
-27.66373634338379
-233.9609832763672
-233.9609832763672
-152.15054321289062
-152.15054321289062
133.0895538330078
-99.52198028564453
-99.52198028564453
-99.52198028564453
-212.70713806152344
109.13681030273438
-38.4593391418457
-38.4593391418457
-217.0928497314453
-217.0928497314453
159.0664825439453
159.0664825439453
-73.37637329101562
-24.627471923828125
-24.627471923828125
-198.36923217773438
-242.22637939453125
-242.22637939453125
148.2708740234375
-176.60934448242188
-176.60934448242188
-176.60934448242188
120.43846130371094
-215.91209411621094
-215.91209411621094
166.82582092285156
-36.266483306884766
-36.266483306884766
-232.274169921875
173.74176025390625
173.74176025390625
173.74176025390625
-234.46702575683594
-234.46702575683594
-206.29725646972656
-195.83900451660156
130.0532989501953
130.0532989501953
-234.8043975830078
-234.8043975830078
148.60824584960938
-18.55494499206543
-186.0554962158203
-186.0554962158203
152.4879150390625
152.4879150390625
-226.87637329101562
-226.87637329101562
-30.868680953979492
182.34451293945312
182.34451293945312
-217.767578125
46.72472381591797
46.72472381591797
-17.711538314819336
171.5489044189453
171.5489044189453
-209.8395538330078
-98.3412094116211
-98.3412094116211
-53.47197723388672
-53.47197723388672
153.66868591308594
153.66868591308594
-13.325823783874512
166.6571502685547
-205.9598846435547
-205.9598846435547
-43.351097106933594
153.5
170.36813354492188
175.76593017578125
175.76593017578125
-21.08516502380371
162.10275268554688
162.10275268554688
-73.03900909423828
139.16209411621094
103.40164947509766
166.48846435546875
3.373626470565796
-4.55439567565918
186.22418212890625
141.18626403808594
121.61923217773438
34.2423095703125
-204.9477996826172
174.9225311279297
-104.24505615234375
-104.24505615234375
-183.01922607421875
-183.01922607421875
-9.952198028564453
-9.952198028564453
-218.61099243164062
-43.351097106933594
-43.351097106933594
-213.0445098876953
-204.10440063476562
-204.10440063476562
-8.602746963500977
182.85055541992188
182.85055541992188
70.84615325927734
-214.56263732910156
-9.783516883850098
-9.783516883850098
-36.772525787353516
-36.772525787353516
-220.12911987304688
-220.12911987304688
-145.06593322753906
-145.06593322753906
-21.759889602661133
-30.36263656616211
-30.36263656616211
-31.037363052368164
173.2357177734375
173.2357177734375
-18.89230728149414
-18.89230728149414
144.05384826660156
144.05384826660156
-221.3098907470703
-213.2131805419922
-213.2131805419922
-171.04286193847656
-171.04286193847656
3.2049450874328613
3.2049450874328613
196.6824188232422
196.6824188232422
-25.63956069946289
194.99560546875
194.99560546875
-9.10879135131836
-9.10879135131836
-76.24395751953125
-76.24395751953125
-174.5851593017578
-174.5851593017578
-190.778564453125
-190.778564453125
152.31922912597656
15.687362670898438
15.687362670898438
203.42967224121094
99.69065856933594
155.86154174804688
155.86154174804688
4.385714054107666
4.385714054107666
186.39285278320312
167.50054931640625
167.50054931640625
-13.831868171691895
-13.831868171691895
14.337912559509277
14.337912559509277
-99.85933685302734
-99.85933685302734
-131.0653839111328
-131.0653839111328
155.01812744140625
182.51318359375
-8.09670352935791
-8.09670352935791
-8.09670352935791
171.04286193847656
171.04286193847656
171.04286193847656
-217.0928497314453
-217.0928497314453
155.01812744140625
155.01812744140625
197.52581787109375
195.3329620361328
196.17637634277344
196.17637634277344
6.747252941131592
-161.25933837890625
-161.25933837890625
158.0543975830078
52.7972526550293
52.7972526550293
-201.23681640625
174.247802734375
-165.13900756835938
71.3521957397461
71.3521957397461
22.097251892089844
22.097251892089844
151.98187255859375
151.98187255859375
-31.712087631225586
-31.712087631225586
71.01483154296875
-204.2730712890625
-204.2730712890625
-13.663187026977539
-13.663187026977539
-242.90109252929688
-242.90109252929688
-38.2906608581543
-38.2906608581543
165.64505004882812
165.64505004882812
-53.47197723388672
135.4510955810547
135.4510955810547
171.04286193847656
171.04286193847656
133.25823974609375
-220.4664764404297
-220.4664764404297
151.13845825195312
151.13845825195312
-36.43516540527344
-229.5752716064453
-229.5752716064453
2.0241758823394775
-227.04505920410156
-227.04505920410156
-9.277472496032715
-23.615385055541992
-169.0186767578125
-169.0186767578125
-188.4170379638672
134.94505310058594
-193.14010620117188
-193.14010620117188
-22.434616088867188
-22.434616088867188
179.30824279785156
-172.5609893798828
-176.60934448242188
-176.60934448242188
175.2598876953125
129.71592712402344
129.71592712402344
-7.590659141540527
-219.96043395996094
162.94615173339844
162.94615173339844
-176.27197265625
137.13790893554688
137.13790893554688
-234.29835510253906
11.470329284667969
172.2236328125
172.2236328125
-178.63351440429688
-178.63351440429688
-23.10934066772461
-95.47362518310547
-222.15328979492188
-222.15328979492188
161.25933837890625
-25.63956069946289
-25.63956069946289
-218.4423065185547
-32.38681411743164
-254.87747192382812
-254.87747192382812
162.4401092529297
162.4401092529297
160.0785675048828
160.0785675048828
164.2956085205078
121.95659637451172
121.95659637451172
120.43846130371094
-42.00164794921875
-42.00164794921875
114.70330047607422
145.40328979492188
145.40328979492188
-10.120879173278809
-10.120879173278809
-238.68406677246094
-238.68406677246094
-64.60494232177734
-64.60494232177734
-64.60494232177734
-33.398902893066406
-33.398902893066406
-33.398902893066406
125.4989013671875
-119.76373291015625
-119.76373291015625
158.7291259765625
159.23516845703125
159.23516845703125
-164.80165100097656
-164.80165100097656
-188.4170379638672
-188.4170379638672
-175.9346160888672
128.70384216308594
128.70384216308594
-204.61044311523438
164.9703369140625
164.9703369140625
-207.64669799804688
-207.64669799804688
-59.881866455078125
-59.881866455078125
-178.29615783691406
-184.87472534179688
-184.87472534179688
153.66868591308594
153.66868591308594
176.27197265625
-154.5120849609375
-154.5120849609375
186.89889526367188
186.89889526367188
186.89889526367188
-216.4181365966797
-216.4181365966797
-216.4181365966797
-18.7236270904541
-20.91648292541504
-20.91648292541504
1.3494505882263184
1.3494505882263184
120.43846130371094
131.7401123046875
131.7401123046875
146.2467041015625
146.2467041015625
-228.5631866455078
168.6813201904297
169.6934051513672
169.6934051513672
167.50054931640625
167.50054931640625
-233.7923126220703
-230.25
-230.25
-196.51373291015625
176.27197265625
176.27197265625
3.373626470565796
140.17417907714844
140.17417907714844
-172.2236328125
-172.2236328125
-66.12307739257812
-101.54615020751953
-101.54615020751953
-81.13571166992188
126.84835052490234
126.84835052490234
92.0999984741211
119.59505462646484
119.59505462646484
-162.27142333984375
-162.27142333984375
-161.25933837890625
23.952747344970703
172.5609893798828
28.0010986328125
28.0010986328125
25.80824089050293
-138.3186798095703
-138.3186798095703
-220.4664764404297
192.971435546875
-159.23516845703125
-21.759889602661133
-23.615385055541992
-216.92417907714844
-216.92417907714844
-102.55824279785156
-102.55824279785156
118.75164794921875
-43.351097106933594
146.75274658203125
178.63351440429688
178.63351440429688
5.22912073135376
-226.37033081054688
-206.63461303710938
-206.63461303710938
-234.29835510253906
-211.1890106201172
112.34175872802734
-21.591209411621094
-21.591209411621094
-220.2978057861328
-10.45824146270752
-215.91209411621094
-10.795604705810547
-1.1807692050933838
192.2967071533203
192.2967071533203
-16.36208724975586
34.91703414916992
-177.9587860107422
-177.9587860107422
-209.67088317871094
-209.67088317871094
-112.8478012084961
180.489013671875
201.74285888671875
175.76593017578125
175.76593017578125
175.76593017578125
-218.4423065185547
-189.4291229248047
207.8153839111328
145.74066162109375
145.74066162109375
204.61044311523438
-9.783516883850098
-9.783516883850098
-1.5181318521499634
-91.76263427734375
-91.76263427734375
-187.7423095703125
-156.03021240234375
-196.51373291015625
-196.51373291015625
190.778564453125
219.2857208251953
219.2857208251953
-216.24945068359375
-182.34451293945312
192.971435546875
192.971435546875
41.32692337036133
-173.2357177734375
-173.2357177734375
-23.615385055541992
-23.615385055541992
-191.62197875976562
-191.62197875976562
9.10879135131836
66.62911987304688
66.62911987304688
161.93406677246094
-8.771428108215332
-8.771428108215332
-11.470329284667969
-208.65879821777344
-208.65879821777344
-35.591758728027344
172.05494689941406
172.05494689941406
90.4131851196289
90.4131851196289
90.4131851196289
90.4131851196289
64.77362823486328
64.77362823486328
-189.26043701171875
-189.26043701171875
-74.55714416503906
182.1758270263672
-4.048351764678955
-4.048351764678955
-2.867582321166992
-2.867582321166992
-2.867582321166992
95.47362518310547
-35.42307662963867
-35.42307662963867
-189.7664794921875
-190.4412078857422
155.86154174804688
155.86154174804688
92.43736267089844
92.43736267089844
-38.2906608581543
-38.2906608581543
-74.72582244873047
-74.72582244873047
157.54835510253906
-169.35604858398438
-169.35604858398438
-15.0126371383667
168.17527770996094
168.17527770996094
136.4631805419922
136.4631805419922
169.6934051513672
169.6934051513672
166.3197784423828
-200.05604553222656
-200.05604553222656
-69.83406829833984
-69.83406829833984
-209.8395538330078
-75.06318664550781
-75.06318664550781
61.906044006347656
61.906044006347656
172.5609893798828
-114.02857208251953
172.05494689941406
172.05494689941406
-199.38131713867188
-199.38131713867188
-210.34561157226562
149.28297424316406
149.28297424316406
26.145605087280273
154.34339904785156
154.34339904785156
-29.687911987304688
166.3197784423828
166.3197784423828
-182.85055541992188
-182.85055541992188
-222.82801818847656
-222.82801818847656
-86.70219421386719
-86.70219421386719
-212.36978149414062
-19.22966957092285
-19.22966957092285
-44.19450378417969
-44.19450378417969
-44.19450378417969
79.28022003173828
-239.69615173339844
-239.69615173339844
169.18736267089844
169.18736267089844
-199.38131713867188
-199.38131713867188
146.41539001464844
146.41539001464844
-22.603296279907227
-22.603296279907227
-208.15274047851562
-208.15274047851562
-47.905494689941406
-47.905494689941406
158.22308349609375
-206.29725646972656
-206.29725646972656
183.01922607421875
183.01922607421875
-174.5851593017578
-174.5851593017578
164.9703369140625
164.9703369140625
169.0186767578125
169.0186767578125
-150.29505920410156
-33.736263275146484
-33.736263275146484
-162.7774658203125
-168.51263427734375
113.52252960205078
113.52252960205078
14.506593704223633
-199.38131713867188
-199.38131713867188
-22.940658569335938
120.94450378417969
120.94450378417969
-211.5263671875
-211.5263671875
-228.05714416503906
-228.05714416503906
-167.83790588378906
-167.83790588378906
-153.5
-3.8796703815460205
-198.7065887451172
-32.72417449951172
-32.72417449951172
1.5181318521499634
1.5181318521499634
141.6923065185547
188.58570861816406
188.58570861816406
-156.53627014160156
-156.53627014160156
-16.699451446533203
-16.699451446533203
175.09120178222656
155.01812744140625
155.01812744140625
-166.6571502685547
-166.6571502685547
-123.98076629638672
-132.752197265625
-132.752197265625
-49.760990142822266
-49.760990142822266
-207.47802734375
-178.12747192382812
-178.12747192382812
-26.651647567749023
-26.651647567749023
-44.869232177734375
-44.869232177734375
-7.9280219078063965
-7.9280219078063965
-152.31922912597656
-152.31922912597656
148.43955993652344
148.43955993652344
-186.56153869628906
-223.84010314941406
-223.84010314941406
-223.50274658203125
-223.50274658203125
199.21263122558594
-210.34561157226562
-210.34561157226562
10.795604705810547
10.795604705810547
-34.410987854003906
-34.410987854003906
138.993408203125
59.54450607299805
59.54450607299805
166.48846435546875
166.48846435546875
-46.38736343383789
34.91703414916992
34.91703414916992
34.91703414916992
-88.89505767822266
-178.46482849121094
-178.46482849121094
155.35549926757812
155.35549926757812
197.18846130371094
197.18846130371094
-198.5379180908203
-198.5379180908203
118.07691955566406
-105.08846282958984
-105.08846282958984
164.9703369140625
0.843406617641449
0.843406617641449
0.843406617641449
197.86318969726562
197.86318969726562
156.1988983154297
156.1988983154297
156.1988983154297
149.11428833007812
149.11428833007812
49.592308044433594
-55.158790588378906
57.18296813964844
57.18296813964844
17.374176025390625
17.374176025390625
31.374725341796875
31.374725341796875
41.32692337036133
42.845054626464844
42.845054626464844
41.66428756713867
41.66428756713867
39.977474212646484
43.18241882324219
43.18241882324219
42.339012145996094
41.158241271972656
41.158241271972656
42.67637252807617
40.652198791503906
42.5076904296875
41.32692337036133
41.66428756713867