0.14844051003456116
0.16519992053508759
0.16519992053508759
0.12928688526153564
0.14604629576206207
0.1604115068912506
0.11971008032560349
-0.019153613597154617
0.090979665517807
0.1604115068912506
0.1628057062625885
0.1412578970193863
0.181959331035614
0.14365209639072418
0.5722141861915588
-0.11971008032560349
0.3902548849582672
0.12928688526153564
0.5793967843055725
0.7589619159698486
0.14844051003456116
-1.9512743949890137
-0.4381389021873474
-1.1492167711257935
-2.387019157409668
0.993593692779541
-1.237802267074585
2.0661959648132324
2.300827741622925
1.2856862545013428
3.002328872680664
-1.8507179021835327
-5.523423194885254
-4.395754337310791
-1.45806884765625
-7.5968017578125
5.078101634979248
2.6455929279327393
-7.053318023681641
-3.3734302520751953
-1.3646949529647827
-1.3646949529647827
4.1180267333984375
-2.9472622871398926
-3.97916316986084
-0.29209259152412415
-2.3056161403656006
2.3032219409942627
-0.7709329128265381
0.6536170244216919
3.6942532062530518
5.758055210113525
0.24660277366638184
-0.569819986820221
1.5849615335464478
3.6391866207122803
-6.392518520355225
2.231395959854126
-3.627215623855591
-0.7206547260284424
9.842562675476074
-3.663128614425659
1.7142484188079834
-1.0510544776916504
-2.956839084625244
-4.187458515167236
3.24414324760437
2.604891300201416
3.0597896575927734
0.2513911724090576
1.4149731397628784
1.4149731397628784
0.5937620401382446
0.3471592366695404
-5.171475410461426
-4.335899353027344
5.702988147735596
4.307168960571289
2.4827871322631836
-0.6153098344802856
-0.6153098344802856
-2.365471124649048
-4.529829502105713
8.60236644744873
1.235408067703247
-0.9504980444908142
-3.6176388263702393
1.2521674633026123
-1.1300631761550903
-5.485116004943848
-5.904101371765137
3.8043863773345947
2.5905261039733887
-4.824316501617432
-0.14844051003456116
-0.7158662676811218
2.6886885166168213
-0.23702596127986908
2.3271639347076416
-0.40462008118629456
-4.022258758544922
-4.022258758544922
-4.022258758544922
3.4811692237854004
7.826645374298096
4.967968463897705
8.925583839416504
-11.877634048461914
2.999934673309326
-8.20732307434082
1.182735562324524
3.1890766620635986
5.78678560256958
-1.6065093278884888
3.3710360527038574
2.9305028915405273
2.9305028915405273
0.5578489899635315
-1.845929503440857
-0.42856210470199585
1.4652514457702637
-0.8690952062606812
1.302445650100708
-1.0127472877502441
-0.6727706789970398
-0.6727706789970398
-0.6727706789970398
-0.6727706789970398
-0.6727706789970398
-0.6727706789970398
-0.6727706789970398
3.842693567276001
-2.602497100830078
1.8363527059555054
-1.302445650100708
1.8507179021835327
1.9823989868164062
4.039018154144287
-5.209782600402832
-2.2840683460235596
-3.1723172664642334
0.545877993106842
-0.2106897532939911
0.5339069962501526
-4.2975921630859375
0.1364694982767105
3.2297780513763428
2.2242133617401123
-2.1116857528686523
1.4939818382263184
-4.6255974769592285
1.6903064250946045
-0.9265560507774353
-0.9265560507774353
-0.9265560507774353
-0.9265560507774353
-0.9265560507774353
0.14844051003456116
1.9800047874450684
-1.7501614093780518
5.758055210113525
3.9001545906066895
-1.5370774269104004
-3.557783603668213
-2.0015525817871094
-0.11971008032560349
1.3742717504501343
-0.9145850539207458
4.378994941711426
-4.812345504760742
1.8938134908676147
-3.2082302570343018
-3.2082302570343018
4.469974517822266
-0.5027823448181152
-0.7972691655158997
1.2761094570159912
0.6847416758537292
3.2345664501190186
1.2832920551300049
3.7397429943084717
-3.8953661918640137
4.067748546600342
0.9672574996948242
-6.931213855743408
-4.187458515167236
0.8619126081466675
-3.892971992492676
-1.944091796875
0.895431399345398
6.868964672088623
-4.2760443687438965
-2.6886885166168213
1.479616641998291
0.0
1.4987702369689941
-5.252878665924072
-4.944026470184326
1.7836802005767822
-4.0078935623168945
-1.5370774269104004
0.7757213115692139
0.9385270476341248
2.734178304672241
3.19865345954895
-3.315969228744507
2.5737667083740234
-1.0414776802062988
3.8474819660186768
-0.42377370595932007
-0.42377370595932007
1.1492167711257935
0.871489405632019
-3.3063924312591553
-1.5490484237670898
-0.24420857429504395
0.9433154463768005
-4.218583106994629
-4.841075897216797
3.7014358043670654
-3.9647979736328125
1.599326729774475
-1.525106430053711
-3.181894063949585
1.889025092124939
0.6823474764823914
5.224147796630859
-3.663128614425659
6.584054470062256
-1.237802267074585
2.1308395862579346
5.039794445037842
1.0462660789489746
-2.741360902786255
-0.7613561153411865
0.5051765441894531
-0.8355763554573059
2.0590133666992188
1.6639701128005981
5.9519853591918945
2.779668092727661
-0.45010989904403687
-5.7077765464782715
0.6057330369949341
5.456385612487793
-7.132326602935791
6.244078159332275
1.2928688526153564
3.754108190536499
-1.6208745241165161
2.588131904602051
-3.9408559799194336
3.308786630630493
3.976768970489502
-4.369418144226074
1.544260025024414
2.0398597717285156
-2.537853717803955
0.8212111592292786
-1.180341362953186
-0.9265560507774353
0.20350714027881622
-1.8195933103561401
-1.8195933103561401
-3.5649662017822266
0.6799532771110535
2.9089550971984863
1.8267759084701538
1.8267759084701538
-1.5370774269104004
-0.47644612193107605
4.886565685272217
-1.0534486770629883
1.4987702369689941
1.3527239561080933
1.3527239561080933
7.7428483963012695
-1.7836802005767822
-6.2632317543029785
-6.2632317543029785
1.3670891523361206
-1.3670891523361206
-3.5410242080688477
1.2234370708465576
-0.651222825050354
-0.651222825050354
-0.651222825050354
-0.651222825050354
-0.651222825050354
-0.651222825050354
6.256049156188965
-3.6990416049957275
4.948814868927002
4.948814868927002
4.948814868927002
4.948814868927002
4.948814868927002
4.948814868927002
4.948814868927002
4.948814868927002
4.948814868927002
4.948814868927002
2.6408045291900635
2.6408045291900635
2.6408045291900635
2.6408045291900635
2.6408045291900635
2.6408045291900635
-5.250484466552734
-4.745307922363281
-7.015010833740234
-0.6655880808830261
-1.50355863571167
1.86508309841156
3.023876667022705
4.575319290161133
-6.981492042541504
-3.9624037742614746
1.4101847410202026
0.8355763554573059
3.3686418533325195
0.3926490843296051
-2.889801502227783
0.2801215946674347
0.2801215946674347
-3.5266590118408203
7.469909191131592
3.2537200450897217
-4.400542736053467
3.450044631958008
7.362170219421387
0.773327112197876
-6.718129634857178
-6.718129634857178
-1.359906554222107
-2.96162748336792
1.6136919260025024
-6.27280855178833
-6.27280855178833
1.7070658206939697
2.3056161403656006
-3.466804027557373
-7.060500621795654
1.8842366933822632
3.3734302520751953
-3.3231518268585205
-2.698265314102173
-1.821987509727478
3.4141316413879395
2.782062292098999
3.5625720024108887
3.751713991165161
-3.0597896575927734
4.7836151123046875
-0.8834604024887085
-0.8834604024887085
-0.5865793824195862
-0.7996633648872375
1.4652514457702637
3.4165258407592773
-0.31124621629714966
-5.202600002288818
0.9648632407188416
2.078166961669922
-4.32871675491333
-3.531447410583496
2.1068973541259766
5.39174222946167
4.639962673187256
-2.9975404739379883
-7.015010833740234
-1.9536685943603516
-5.099649429321289
1.1492167711257935
-0.7469909191131592
4.039018154144287
-0.569819986820221
2.5546131134033203
-2.27209734916687
-1.0271124839782715
2.631227731704712
-5.920860767364502
5.623979568481445
3.77565598487854
2.2026655673980713
-4.015076160430908
5.623979568481445
-4.402936935424805
-1.7142484188079834
-0.3974374830722809
-0.2968810200691223
2.2457611560821533
-4.41969633102417
-0.5889735817909241
2.1068973541259766
-1.0031704902648926
2.801215887069702
-2.5282769203186035
1.3527239561080933
2.432508945465088
1.3215993642807007
1.5346832275390625
-0.5722141861915588
1.601720929145813
4.623203277587891
-4.321534156799316
-2.7509377002716064
3.576937198638916
6.617573261260986
-3.9240965843200684
-0.9217676520347595
5.023035049438477
1.1420341730117798
-3.9600095748901367
-3.0119056701660156
-5.985504150390625
-1.0510544776916504
-3.2178070545196533
2.0183119773864746
5.669469356536865
5.097255229949951
0.21308395266532898
0.7805097699165344
0.7805097699165344
6.469132900238037
-5.360617637634277
4.307168960571289
-0.4668693244457245
-1.968033790588379
-2.492363929748535
5.43723201751709
5.43723201751709
1.9608511924743652
1.9608511924743652
-0.9744400978088379
-3.155557870864868
-5.21217679977417
5.87776517868042
-0.3519476354122162
8.480262756347656
-2.2673089504241943
-2.4372973442077637
2.8610708713531494
-4.999093055725098
-0.9983820915222168
-0.9983820915222168
1.7118542194366455
1.3646949529647827
-1.9800047874450684
1.790862798690796
0.3447650372982025
-1.2330138683319092
-1.2210428714752197
4.094084739685059
2.0207061767578125
0.9313444495201111
2.9281086921691895
2.9281086921691895
2.9281086921691895
3.050212860107422
-0.7350199222564697
-0.7350199222564697
0.047884032130241394
-1.9345149993896484
-0.40701428055763245
6.732494831085205
2.2218191623687744
-1.357512354850769
-7.177816390991211
-0.8834604024887085
3.1435868740081787
4.034229755401611
-2.3127987384796143
0.14604629576206207
-1.702277421951294
-3.2345664501190186
-2.7988216876983643
-7.419631004333496
3.8786067962646484
2.0614075660705566
-1.3694833517074585
3.9887399673461914
8.24084186553955
-1.9129670858383179
-2.3726539611816406
-1.3239935636520386
0.3711012601852417
-1.6831237077713013
-3.4979286193847656
-2.959233283996582
1.7046716213226318
-1.6950948238372803
4.335899353027344
5.286397457122803
3.7660791873931885
-4.230554103851318
3.950432777404785
1.7381904125213623
-0.26815059781074524
-3.2130186557769775
-2.1930887699127197
-2.0805611610412598
-3.845087766647339
0.08140285313129425
8.305485725402832
5.07570743560791
-8.068459510803223
-8.741230010986328
-1.3479355573654175
-2.4181437492370605
-0.9265560507774353
-1.723825216293335
3.406949043273926
-0.4357447028160095
1.1444283723831177
0.035913024097681046
-4.955997467041016
1.4389152526855469
4.685452461242676
5.475539207458496
-4.220977306365967
2.4396915435791016
0.45489832758903503
1.9488801956176758
0.11252747476100922
-7.252037048339844
4.060565948486328
-1.546654224395752
0.3758896589279175
-4.7620673179626465
-3.294421434402466
-2.844311475753784
0.4405331015586853
9.287108421325684
-1.182735562324524
3.914519786834717
-2.8155810832977295
-2.8155810832977295
5.803544998168945
2.027888774871826
2.516305923461914
2.516305923461914
-6.234500885009766
-6.234500885009766
1.0103530883789062
1.0103530883789062
1.0103530883789062
1.9967641830444336
5.549759387969971
-0.2346317619085312
3.002328872680664
1.4676456451416016
2.0638017654418945
-5.810727596282959
-1.6927006244659424
-0.3208230137825012
-2.2361843585968018
4.292803764343262
0.6105214357376099
-9.093177795410156
-1.8579005002975464
-0.416591078042984
-1.3455413579940796
-0.07900865375995636
-2.231395959854126
5.525817394256592
-1.1563993692398071
-0.05746084079146385
1.8746598958969116
-4.14915132522583
5.3342814445495605
-0.7709329128265381
-0.993593692779541
-5.051765441894531
-4.685452461242676
1.666364312171936
-2.4396915435791016
0.416591078042984
1.0893617868423462
-1.8962076902389526
3.095702648162842
1.1875240802764893
6.44279670715332
1.6759411096572876
4.683058261871338
1.6903064250946045
-0.667982280254364
-2.7317841053009033
-1.908178687095642
-0.8068459630012512
-0.8978255987167358
-3.9839515686035156
7.070077419281006
-4.2281599044799805
7.611166954040527
1.3742717504501343
-2.7102363109588623
6.007051944732666
-2.1284453868865967
0.16759411990642548
-1.5370774269104004
2.7724854946136475
2.7724854946136475
1.2761094570159912
-3.050212860107422
1.987187385559082
-0.49799394607543945
-3.5649662017822266
-1.1228805780410767
0.24420857429504395
7.860164165496826
2.6120738983154297
2.580949306488037
4.587290287017822
5.841852188110352
-2.4612393379211426
1.1061211824417114
5.73171854019165
5.73171854019165
-3.246537446975708
5.195417404174805
-2.1116857528686523
-0.08619125932455063
1.8148049116134644
-7.041347026824951
2.6192567348480225
-1.4891934394836426
1.4173673391342163
-1.9943699836730957
-4.771644115447998
-1.3503297567367554
-0.4189852774143219
-0.4189852774143219
5.935225963592529
-3.095702648162842
4.690240859985352
-1.4173673391342163
-2.892195701599121
0.48123452067375183
1.5059528350830078
3.351882219314575
0.12928688526153564
-0.8738836050033569
-1.929726481437683
2.183511972427368
4.572925090789795
4.046200752258301
-3.19865345954895
-0.8475474119186401
4.551377296447754
0.8834604024887085
-1.113303780555725
2.276885747909546
0.002394201699644327
3.404554843902588
2.078166961669922
-3.6727054119110107
-5.746084213256836
-2.3319523334503174
0.023942016065120697
-2.185906171798706
0.2513911724090576
-2.9065608978271484
3.5936965942382812
3.5936965942382812
-2.6671407222747803
6.629544258117676
-8.614337921142578
6.265625953674316
-1.544260025024414
1.2856862545013428
2.1475989818573
1.0558428764343262
5.827486991882324
2.9688100814819336
-4.091690540313721
-3.203441858291626
2.434903144836426
-5.190629005432129
0.42856210470199585
-2.695871114730835
1.7310078144073486
-0.1843535304069519
8.118738174438477
10.63743782043457
7.879317760467529
3.667917013168335
-6.3063273429870605
2.5929203033447266
3.8474819660186768
-2.1571757793426514
2.9041666984558105
7.6734161376953125
-0.4118026793003082
-7.90086555480957
2.779668092727661
6.275202751159668
3.1914708614349365
4.110844135284424
3.0861258506774902
0.9528922438621521
5.96874475479126
-0.7852981686592102
1.3910311460494995
1.3910311460494995
1.3910311460494995
2.43011474609375
2.43011474609375
2.80361008644104
-6.141127109527588
-6.141127109527588
6.766014099121094
-0.08140285313129425
0.026336219161748886
1.5610195398330688
-3.885789394378662
-3.3063924312591553
2.851494073867798
-1.843535304069519
3.9049429893493652
0.871489405632019
-2.786850690841675
-1.2114660739898682
0.2609679698944092
2.497152328491211
2.4875755310058594
-2.2840683460235596
-8.178592681884766
1.094150185585022
-7.441178798675537
0.13407529890537262
6.995857238769531
-0.05027823522686958
-1.2258312702178955
-1.0079588890075684
-3.892971992492676
4.3191399574279785
4.134786128997803
0.569819986820221
5.525817394256592
-1.8818424940109253
-0.7829039692878723
3.0526070594787598
-5.348646640777588
1.6855180263519287
-6.294356346130371
-1.9129670858383179
-0.9241618514060974
0.21547815203666687
3.77565598487854
0.6129156351089478
-0.569819986820221
0.9002197980880737
-4.1826701164245605
0.5386953949928284
3.9887399673461914
4.819528102874756
2.9233202934265137
5.128379821777344
6.70376443862915
1.3670891523361206
0.5985504388809204
-1.1563993692398071
-2.5737667083740234
-0.4668693244457245
3.0166940689086914
-1.0079588890075684
-3.7397429943084717
-0.10295066982507706
-1.0055646896362305
-0.507570743560791
2.844311475753784
5.655104160308838
0.8044517636299133
1.237802267074585
2.691082715988159
0.7709329128265381
-0.5841851830482483
-0.47644612193107605
-0.18914192914962769
-0.18914192914962769
0.021547814831137657
-1.6376339197158813
3.00711727142334
-0.28969839215278625
1.2641384601593018
-0.3208230137825012
0.3016694188117981
0.1843535304069519
0.3208230137825012
-0.038307227194309235
0.1364694982767105
0.14604629576206207
0.14844051003456116
0.1364694982767105
0.1149216815829277
0.11252747476100922
0.1388636976480484
