0.0
92.43736267089844
91.256591796875
93.78681182861328
93.78681182861328
109.30549621582031
109.30549621582031
121.61923217773438
156.1988983154297
156.1988983154297
203.42967224121094
203.42967224121094
178.46482849121094
178.46482849121094
179.64559936523438
178.12747192382812
178.12747192382812
178.29615783691406
-201.9115447998047
-201.9115447998047
-20.41044044494629
-175.76593017578125
-175.76593017578125
1.5181318521499634
-23.10934066772461
-170.7054901123047
-170.7054901123047
8.771428108215332
8.771428108215332
187.7423095703125
-5.060439586639404
-5.060439586639404
25.63956069946289
25.63956069946289
-126.84835052490234
-190.778564453125
188.0796661376953
-38.4593391418457
-186.730224609375
194.99560546875
168.006591796875
168.006591796875
-198.03187561035156
-198.03187561035156
-84.34066009521484
-84.34066009521484
144.05384826660156
-155.69285583496094
-155.69285583496094
28.507143020629883
181.33241271972656
181.33241271972656
166.48846435546875
-56.17087936401367
-56.17087936401367
163.4521942138672
-208.99615478515625
-208.99615478515625
49.25494384765625
-216.24945068359375
-216.24945068359375
-216.24945068359375
164.4642791748047
-44.19450378417969
180.489013671875
180.489013671875
-246.10604858398438
148.60824584960938
-137.3065948486328
-137.3065948486328
132.4148406982422
132.4148406982422
127.3543930053711
127.3543930053711
-43.519779205322266
186.0554962158203
133.4269256591797
133.4269256591797
-11.301648139953613
-209.8395538330078
-209.8395538330078
191.95933532714844
-19.398351669311523
-19.398351669311523
-175.42857360839844
-175.42857360839844
-15.181318283081055
-196.0076904296875
130.72802734375
130.72802734375
-202.08021545410156
-202.08021545410156
-34.410987854003906
-24.121429443359375
-24.121429443359375
-239.35879516601562
-239.35879516601562
177.11538696289062
177.11538696289062
-21.422527313232422
127.86044311523438
127.86044311523438
-226.7076873779297
-75.7379150390625
118.24560546875
-186.89889526367188
127.86044311523438
127.86044311523438
-242.90109252929688
165.81373596191406
165.81373596191406
-216.92417907714844
-17.374176025390625
-17.374176025390625
-20.41044044494629
-20.41044044494629
109.47417449951172
180.489013671875
180.489013671875
135.61978149414062
146.41539001464844
78.77417755126953
129.2098846435547
-233.62362670898438
-233.62362670898438
-39.64011001586914
-39.64011001586914
150.96978759765625
-174.5851593017578
106.10054779052734
106.10054779052734
106.10054779052734
8.09670352935791
-23.615385055541992
-23.615385055541992
72.19560241699219
72.19560241699219
-19.567033767700195
-19.567033767700195
113.52252960205078
-38.121978759765625
-157.2109832763672
-157.2109832763672
143.04176330566406
-190.10385131835938
-190.10385131835938
-57.014286041259766
-57.014286041259766
128.70384216308594
-31.206043243408203
-31.206043243408203
-204.10440063476562
158.22308349609375
158.22308349609375
-196.17637634277344
-196.17637634277344
-241.88900756835938
-241.88900756835938
-31.374725341796875
-31.374725341796875
-81.97911834716797
-81.97911834716797
-212.87582397460938
-212.87582397460938
178.29615783691406
-182.34451293945312
-182.34451293945312
162.7774658203125
162.7774658203125
149.7890167236328
149.7890167236328
166.48846435546875
166.48846435546875
166.48846435546875
181.1637420654297
-221.81593322753906
-221.81593322753906
168.006591796875
168.006591796875
-179.30824279785156
166.82582092285156
166.82582092285156
-138.993408203125
-138.993408203125
-101.04010772705078
-101.04010772705078
166.9945068359375
166.9945068359375
184.70603942871094
184.70603942871094
-11.807692527770996
-11.807692527770996
-221.984619140625
-221.984619140625
-124.99285888671875
-124.99285888671875
-61.906044006347656
-195.3329620361328
-195.3329620361328
-225.86428833007812
-182.00714111328125
-182.00714111328125
-182.00714111328125
-229.5752716064453
-231.43077087402344
-231.43077087402344
-229.06922912597656
-120.60713958740234
-120.60713958740234
-120.60713958740234
117.73956298828125
-138.3186798095703
86.36483764648438
86.36483764648438
86.36483764648438
159.57252502441406
-54.484066009521484
-54.484066009521484
-107.28131866455078
-107.28131866455078
112.8478012084961
-199.5500030517578
185.2120819091797
-178.63351440429688
-178.63351440429688
-178.63351440429688
34.57966995239258
-17.880220413208008
-17.880220413208008
-135.11373901367188
173.9104461669922
173.9104461669922
-20.241758346557617
189.0917510986328
189.0917510986328
98.17253112792969
55.32747268676758
55.32747268676758
95.13626098632812
-136.80055236816406
-136.80055236816406
171.5489044189453
171.5489044189453
144.05384826660156
200.05604553222656
200.05604553222656
-198.7065887451172
14.169230461120605
14.169230461120605
-49.086265563964844
-49.086265563964844
-54.484066009521484
84.8467025756836
17.542856216430664
-14.169230461120605
-14.169230461120605
211.86373901367188
166.3197784423828
-221.14120483398438
-46.72472381591797
-46.72472381591797
126.17362976074219
-171.21153259277344
-171.21153259277344
-204.44175720214844
-204.44175720214844
178.29615783691406
-192.4653778076172
157.0423126220703
157.0423126220703
-22.265933990478516
-22.265933990478516
185.71812438964844
116.55879211425781
116.55879211425781
-207.47802734375
-204.9477996826172
-204.9477996826172
-204.9477996826172
-24.290109634399414
158.39175415039062
186.39285278320312
186.39285278320312
-15.518681526184082
-15.518681526184082
124.99285888671875
124.99285888671875
-218.4423065185547
9.783516883850098
200.05604553222656
200.05604553222656
-159.0664825439453
-159.0664825439453
-205.9598846435547
-205.9598846435547
209.8395538330078
209.8395538330078
209.8395538330078
3.5423076152801514
3.5423076152801514
-200.05604553222656
-200.05604553222656
30.0252742767334
-147.76483154296875
-147.76483154296875
190.778564453125
190.778564453125
-155.524169921875
-155.524169921875
81.30439758300781
81.30439758300781
-9.614834785461426
-211.86373901367188
-211.86373901367188
186.56153869628906
8.265384674072266
8.265384674072266
178.46482849121094
178.46482849121094
-69.15933990478516
-69.15933990478516
185.54945373535156
-6.241208553314209
-6.241208553314209
-194.82691955566406
12.9884614944458
196.17637634277344
196.17637634277344
101.71483612060547
-30.36263656616211
190.4412078857422
190.4412078857422
193.64614868164062
-78.26813507080078
-78.26813507080078
181.8384552001953
175.2598876953125
-1.3494505882263184
201.5741729736328
-218.4423065185547
-2.3615384101867676
-2.3615384101867676
155.86154174804688
-132.24615478515625
-132.24615478515625
-12.145054817199707
-12.145054817199707
-182.34451293945312
138.48736572265625
138.48736572265625
-46.21868133544922
-46.21868133544922
-195.3329620361328
-215.23736572265625
-215.23736572265625
-215.23736572265625
75.23186492919922
-5.903846263885498
-5.903846263885498
-219.79176330566406
-219.79176330566406
169.35604858398438
169.35604858398438
-212.36978149414062
-212.36978149414062
156.1988983154297
156.1988983154297
156.1988983154297
156.1988983154297
150.12637329101562
117.73956298828125
117.73956298828125
-212.2010955810547
156.1988983154297
156.1988983154297
156.1988983154297
163.4521942138672
163.4521942138672
-235.31044006347656
-45.375274658203125
-176.10330200195312
161.25933837890625
161.25933837890625
120.1010971069336
120.1010971069336
-217.93626403808594
58.70109939575195
-203.42967224121094
-203.42967224121094
91.0879135131836
91.0879135131836
127.52307891845703
-4.55439567565918
-4.55439567565918
-232.61154174804688
-201.74285888671875
-201.74285888671875
-234.12966918945312
-234.12966918945312
135.61978149414062
-5.397802352905273
-5.397802352905273
7.084615230560303
179.30824279785156
179.30824279785156
114.70330047607422
159.23516845703125
159.23516845703125
164.80165100097656
164.80165100097656
-26.989011764526367
-26.989011764526367
146.41539001464844
146.41539001464844
-38.96538543701172
-38.96538543701172
-206.97198486328125
-70.5087890625
-70.5087890625
-130.22198486328125
-130.22198486328125
104.9197769165039
104.9197769165039
-34.2423095703125
141.86099243164062
141.86099243164062
-223.6714324951172
-223.6714324951172
102.72692108154297
102.72692108154297
-187.57362365722656
-187.57362365722656
149.45164489746094
149.45164489746094
70.84615325927734
70.84615325927734
-207.30934143066406
-207.30934143066406
149.45164489746094
149.45164489746094
152.31922912597656
158.7291259765625
158.7291259765625
-168.85000610351562
134.10165405273438
134.10165405273438
134.10165405273438
-235.98516845703125
-230.5873565673828
-204.77911376953125
-210.85165405273438
-210.85165405273438
102.22087860107422
127.18571472167969
-27.157691955566406
-27.157691955566406
-201.9115447998047
129.88461303710938
-49.42362594604492
-49.42362594604492
164.80165100097656
164.80165100097656
-208.65879821777344
167.3318634033203
167.3318634033203
-82.48516845703125
129.0412139892578
-52.7972526550293
-218.7796630859375
-218.7796630859375
180.489013671875
-223.6714324951172
-223.6714324951172
-173.74176025390625
180.8263702392578
180.8263702392578
-7.9280219078063965
-7.9280219078063965
48.411537170410156
48.411537170410156
-197.6945037841797
4.55439567565918
137.64395141601562
137.64395141601562
-81.81044006347656
-81.81044006347656
172.89834594726562
48.7489013671875
48.7489013671875
168.006591796875
168.006591796875
-2.6989011764526367
-2.6989011764526367
-19.398351669311523
-19.398351669311523
157.0423126220703
173.40438842773438
173.40438842773438
120.26978302001953
120.26978302001953
159.0664825439453
-17.374176025390625
-17.374176025390625
94.12417602539062
94.12417602539062
-26.314285278320312
-36.94120788574219
-36.94120788574219
-220.80384826660156
-220.80384826660156
-178.12747192382812
-143.88516235351562
-143.88516235351562
-144.72857666015625
-144.72857666015625
-7.9280219078063965
-7.9280219078063965
-60.72527313232422
-73.88241577148438
-73.88241577148438
-189.4291229248047
-189.4291229248047
156.53627014160156
-80.96703338623047
-8.940110206604004
85.8587875366211
85.8587875366211
146.75274658203125
146.75274658203125
146.75274658203125
146.75274658203125
51.9538459777832
-187.0675811767578
-105.5945053100586
175.09120178222656
175.09120178222656
-8.09670352935791
-8.09670352935791
64.60494232177734
64.60494232177734
34.74835205078125
-33.06153869628906
-33.06153869628906
-182.1758270263672
-182.1758270263672
183.86264038085938
183.86264038085938
23.78406524658203
-51.27912139892578
-51.27912139892578
87.20824432373047
142.0296630859375
142.0296630859375
148.2708740234375
-209.67088317871094
-209.67088317871094
146.41539001464844
-202.75494384765625
-202.75494384765625
-72.19560241699219
147.42747497558594
147.42747497558594
198.5379180908203
-140.0054931640625
-184.70603942871094
-184.70603942871094
-6.578571319580078
-10.120879173278809
-10.120879173278809
-201.06813049316406
-201.06813049316406
-6.409890174865723
-6.409890174865723
142.0296630859375
142.0296630859375
-24.290109634399414
-24.290109634399414
166.15109252929688
147.09010314941406
147.09010314941406
-77.08736419677734
-169.0186767578125
-169.0186767578125
158.0543975830078
158.0543975830078
-35.42307662963867
-20.241758346557617
-20.241758346557617
-186.89889526367188
-186.89889526367188
-108.96813201904297
-108.96813201904297
-25.80824089050293
178.29615783691406
178.29615783691406
185.2120819091797
185.2120819091797
-20.41044044494629
-20.41044044494629
9.10879135131836
174.5851593017578
174.5851593017578
174.5851593017578
163.4521942138672
163.4521942138672
-77.42472839355469
-219.11703491210938
-9.783516883850098
-212.0324249267578
-212.0324249267578
180.99505615234375
180.99505615234375
-213.0445098876953
-204.77911376953125
-204.77911376953125
-20.41044044494629
-20.41044044494629
168.6813201904297
168.6813201904297
127.18571472167969
118.75164794921875
118.75164794921875
-218.7796630859375
-28.675825119018555
-148.2708740234375
-63.086814880371094
-63.086814880371094
173.40438842773438
-177.62142944335938
-41.66428756713867
-41.66428756713867
-181.5010986328125
177.9587860107422
-44.7005500793457
-44.7005500793457
-10.795604705810547
-10.795604705810547
-40.483516693115234
-40.483516693115234
-74.55714416503906
172.39230346679688
-36.266483306884766
-36.266483306884766
156.1988983154297
165.47637939453125
165.47637939453125
-244.756591796875
-244.756591796875
-30.868680953979492
-30.868680953979492
142.36703491210938
142.36703491210938
-215.23736572265625
-215.23736572265625
-195.16429138183594
-234.8043975830078
-234.8043975830078
-187.40493774414062
-187.40493774414062
-198.7065887451172
-153.33131408691406
-153.33131408691406
147.76483154296875
147.76483154296875
-123.6434097290039
-123.6434097290039
-219.11703491210938
-14.506593704223633
-177.9587860107422
-177.9587860107422
124.6554946899414
124.6554946899414
-229.74395751953125
-229.74395751953125
-231.43077087402344
-231.43077087402344
132.58351135253906
132.58351135253906
0.0
0.0
-201.23681640625
-201.23681640625
-133.59561157226562
-133.59561157226562
-209.33351135253906
-209.33351135253906
-3.2049450874328613
-3.2049450874328613
-171.21153259277344
-1.5181318521499634
-1.5181318521499634
140.17417907714844
-223.6714324951172
-223.6714324951172
-34.2423095703125
149.7890167236328
149.7890167236328
149.7890167236328
64.94230651855469
52.122528076171875
-36.60384750366211
-55.83351516723633
-55.83351516723633
-29.687911987304688
-29.687911987304688
-25.30219841003418
-25.30219841003418
45.5439567565918
120.26978302001953
120.26978302001953
87.37692260742188
30.868680953979492
30.868680953979492
-186.56153869628906
-186.56153869628906
-223.84010314941406
-223.84010314941406
-208.99615478515625
-208.99615478515625
-184.53736877441406
-184.53736877441406
-167.16319274902344
-214.89999389648438
-214.89999389648438
-197.6945037841797
-197.6945037841797
-47.230770111083984
-47.230770111083984
-193.81483459472656
-193.81483459472656
-2.6989011764526367
-2.6989011764526367
68.14725494384766
-8.434065818786621
-8.434065818786621
-3.710988998413086
-3.710988998413086
-140.6802215576172
-189.26043701171875
-189.26043701171875
177.11538696289062
1.3494505882263184
1.3494505882263184
-124.99285888671875
-124.99285888671875
-186.89889526367188
-186.89889526367188
-184.1999969482422
-184.1999969482422
171.21153259277344
171.21153259277344
-219.2857208251953
-208.65879821777344
174.247802734375
174.247802734375
-188.4170379638672
183.86264038085938
-207.64669799804688
140.0054931640625
140.0054931640625
-5.903846263885498
-198.7065887451172
-198.7065887451172
163.11483764648438
-188.24835205078125
-188.24835205078125
22.940658569335938
-164.12692260742188
-164.12692260742188
194.48956298828125
202.08021545410156
202.08021545410156
206.97198486328125
206.97198486328125
-197.6945037841797
0.5060439705848694
0.5060439705848694
-104.07637023925781
-164.12692260742188
-164.12692260742188
61.06263732910156
61.06263732910156
125.4989013671875
184.87472534179688
184.87472534179688
127.18571472167969
-183.35659790039062
-183.35659790039062
-131.7401123046875
69.4967041015625
36.60384750366211
-180.32032775878906
-180.32032775878906
-184.36868286132812
52.122528076171875
60.0505485534668
60.0505485534668
-193.64614868164062
-161.4280242919922
-161.4280242919922
14.00054931640625
14.00054931640625
-58.70109939575195
-58.70109939575195
212.53846740722656
206.46592712402344
206.46592712402344
206.46592712402344
208.15274047851562
208.15274047851562
205.62252807617188
205.62252807617188
206.12857055664062
206.12857055664062
206.63461303710938
207.30934143066406
206.97198486328125
206.97198486328125
208.15274047851562
