0.0
0.48828125
0.48828125
0.42724609375
0.54931640625
0.48828125
0.48828125
0.42724609375
0.54931640625
0.42724609375
0.42724609375
-2.0751953125
0.67138671875
-2.685546875
-0.732421875
-3.5400390625
-5.7373046875
-0.67138671875
-4.69970703125
-5.859375
-1.64794921875
-4.0283203125
-6.77490234375
-4.82177734375
-1.03759765625
-5.126953125
-4.08935546875
1.40380859375
-7.26318359375
-11.29150390625
-9.70458984375
-8.544921875
-10.6201171875
-4.21142578125
-4.94384765625
-8.056640625
-4.39453125
-0.3662109375
-6.77490234375
-8.60595703125
-6.103515625
-9.765625
-11.04736328125
-20.08056640625
-26.06201171875
-22.4609375
-21.6064453125
-20.81298828125
-21.30126953125
-19.775390625
-18.5546875
-22.27783203125
-20.6298828125
-19.59228515625
-23.25439453125
-31.73828125
-33.203125
-31.92138671875
-44.12841796875
-48.52294921875
-47.2412109375
-52.490234375
-52.6123046875
-58.349609375
-47.4853515625
-52.978515625
-48.27880859375
-45.8984375
-8.23974609375
-8.85009765625
34.60693359375
69.7021484375
6.16455078125
-4.2724609375
-4.7607421875
0.30517578125
5.37109375
2.44140625
2.8076171875
-0.18310546875
-43.02978515625
-18.49365234375
-11.8408203125
-7.4462890625
-4.150390625
-4.82177734375
-6.7138671875
-35.2783203125
-8.544921875
-7.568359375
-5.615234375
28.86962890625
59.4482421875
71.59423828125
6.4697265625
-1.40380859375
0.0
-48.15673828125
-14.83154296875
-14.83154296875
-9.27734375
-8.11767578125
43.51806640625
7.14111328125
2.5634765625
2.685546875
3.23486328125
5.126953125
0.67138671875
4.57763671875
-10.009765625
-48.76708984375
-14.83154296875
-8.7890625
-10.92529296875
-7.9345703125
-6.8359375
-7.568359375
-4.08935546875
-10.55908203125
-4.45556640625
-7.62939453125
-27.099609375
-6.4697265625
-7.4462890625
0.0
-30.1513671875
-45.83740234375
-53.40576171875
-54.3212890625
-53.466796875
-52.67333984375
-57.6171875
-54.19921875
-59.326171875
-50.23193359375
-53.52783203125
-54.19921875
-52.490234375
-25.08544921875
-9.46044921875
-4.8828125
-10.986328125
2.9296875
-8.85009765625
-3.60107421875
-8.11767578125
-7.01904296875
-2.3193359375
-5.43212890625
44.43359375
2.8076171875
1.46484375
-2.685546875
-1.220703125
1.5869140625
0.48828125
3.662109375
1.52587890625
-1.0986328125
2.685546875
-11.16943359375
-44.00634765625
-11.04736328125
-6.77490234375
-6.4697265625
-8.48388671875
-10.80322265625
52.91748046875
4.8828125
3.60107421875
2.01416015625
-10.92529296875
-48.52294921875
-7.87353515625
-7.080078125
-11.5966796875
-5.7373046875
-7.99560546875
-3.90625
-7.75146484375
-2.9296875
-6.40869140625
-9.46044921875
-34.48486328125
-42.8466796875
-40.95458984375
-39.48974609375
-34.66796875
-33.99658203125
-37.53662109375
-38.9404296875
-34.3017578125
-24.10888671875
-9.521484375
-5.2490234375
-7.32421875
-5.18798828125
-28.01513671875
-49.6826171875
-8.7890625
2.197265625
-23.01025390625
-31.8603515625
-39.24560546875
-36.68212890625
-36.2548828125
-41.1376953125
-41.1376953125
-37.65869140625
-35.5224609375
-36.68212890625
-39.0625
-35.5224609375
-26.91650390625
-9.8876953125
-4.94384765625
-7.50732421875
-9.27734375
-29.72412109375
-7.01904296875
-7.26318359375
-10.80322265625
-50.10986328125
-12.75634765625
-11.65771484375
-15.93017578125
-11.77978515625
-4.39453125
-4.82177734375
-3.72314453125
-6.7138671875
-12.3291015625
-1.15966796875
-7.75146484375
-4.33349609375
4.82177734375
14.6484375
26.85546875
21.42333984375
27.52685546875
23.8037109375
23.4375
17.333984375
20.3857421875
26.06201171875
26.3671875
21.8505859375
25.2685546875
25.2685546875
27.64892578125
27.7099609375
28.3203125
30.029296875
24.59716796875
6.2255859375
-13.00048828125
-34.85107421875
-43.88427734375
-42.3583984375
-47.42431640625
-43.9453125
-46.38671875
-40.6494140625
-39.48974609375
-42.724609375
-39.12353515625
-39.4287109375
-13.97705078125
-13.97705078125
-2.86865234375
-2.74658203125
-24.7802734375
-27.03857421875
-31.982421875
-33.50830078125
-35.94970703125
-52.67333984375
-47.7294921875
-48.03466796875
-53.1005859375
-31.3720703125
-11.41357421875
-6.9580078125
-7.26318359375
0.8544921875
-5.18798828125
-8.1787109375
0.18310546875
-1.0986328125
-2.3193359375
-5.67626953125
-5.67626953125
-5.9814453125
-0.18310546875
-9.58251953125
-13.7939453125
-12.02392578125
-11.1083984375
-10.68115234375
-2.9296875
-4.150390625
-4.82177734375
-10.8642578125
-2.13623046875
-6.28662109375
-2.50244140625
-3.0517578125
-6.34765625
-5.55419921875
-5.4931640625
-8.60595703125
-26.3671875
-39.97802734375
-35.7666015625
-33.75244140625
-31.79931640625
-32.3486328125
-32.3486328125
-34.24072265625
-23.86474609375
-33.50830078125
-33.5693359375
-32.8369140625
-34.5458984375
-36.62109375
-40.58837890625
-39.73388671875
-32.40966796875
-32.40966796875
-31.67724609375
-10.68115234375
-13.24462890625
-11.29150390625
-7.568359375
-3.662109375
-0.30517578125
-4.21142578125
-4.150390625
-0.48828125
-5.126953125
-5.2490234375
-9.6435546875
-2.86865234375
-2.86865234375
1.3427734375
-5.92041015625
-4.39453125
-2.74658203125
-5.18798828125
-9.70458984375
-12.14599609375
-4.82177734375
-6.2255859375
0.0
-1.64794921875
-3.84521484375
11.962890625
-0.1220703125
4.57763671875
0.244140625
-0.79345703125
-0.79345703125
0.79345703125
1.40380859375
6.4697265625
-6.8359375
0.67138671875
-8.1787109375
-3.96728515625
-2.44140625
0.54931640625
0.1220703125
1.52587890625
5.0048828125
-2.8076171875
1.3427734375
62.92724609375
9.1552734375
2.685546875
0.54931640625
2.50244140625
0.18310546875
2.74658203125
1.220703125
-1.89208984375
-12.8173828125
-30.94482421875
-30.029296875
-29.72412109375
-27.83203125
-23.0712890625
-27.83203125
-26.79443359375
-32.77587890625
-25.32958984375
-30.3955078125
-37.78076171875
-47.54638671875
-44.189453125
-41.44287109375
-47.36328125
-48.828125
-47.79052734375
-41.44287109375
-43.02978515625
-42.3583984375
-26.9775390625
-9.8876953125
-6.77490234375
-11.5966796875
-3.173828125
-6.77490234375
-12.02392578125
-6.16455078125
-12.51220703125
-6.53076171875
-7.32421875
-0.9765625
-3.90625
-15.31982421875
-21.91162109375
-19.1650390625
-19.47021484375
-24.7802734375
-8.60595703125
-14.58740234375
-1.3427734375
-4.5166015625
-0.732421875
-0.54931640625
-4.8828125
-1.46484375
-6.9580078125
-4.5166015625
-8.1787109375
8.23974609375
21.1181640625
21.1181640625
1.708984375
0.244140625
1.64794921875
15.19775390625
67.138671875
74.40185546875
66.71142578125
-1.77001953125
-8.1787109375
-16.90673828125
-54.0771484375
-58.4716796875
-55.23681640625
-63.29345703125
-64.02587890625
-70.1904296875
-68.42041015625
-61.8896484375
-64.51416015625
-55.419921875
-53.22265625
-47.42431640625
-10.1318359375
74.3408203125
57.373046875
5.43212890625
-7.26318359375
-40.58837890625
-58.9599609375
-49.072265625
-16.7236328125
-9.58251953125
-29.78515625
-62.80517578125
-57.67822265625
-50.23193359375
-15.9912109375
-40.10009765625
-63.41552734375
-39.61181640625
-8.056640625
-5.92041015625
-50.84228515625
-42.8466796875
-5.92041015625
-14.58740234375
-59.99755859375
-59.5703125
-61.09619140625
-59.75341796875
-31.1279296875
34.36279296875
81.48193359375
84.9609375
58.2275390625
-42.29736328125
-72.69287109375
-70.556640625
-51.513671875
35.09521484375
98.0224609375
86.36474609375
58.04443359375
-6.34765625
0.1220703125
-1.8310546875
41.015625
82.8857421875
72.32666015625
24.2919921875
24.2919921875
50.29296875
-19.775390625
-37.59765625
-37.59765625
-70.37353515625
-72.32666015625
-73.05908203125
-69.88525390625
-69.39697265625
-71.96044921875
-65.61279296875
-65.185546875
-49.01123046875
-38.51318359375
-40.283203125
-21.91162109375
-23.86474609375
-8.6669921875
-12.0849609375
-9.033203125
-2.5634765625
-71.47216796875
-77.5146484375
-73.05908203125
-56.09130859375
-43.76220703125
-11.962890625
85.38818359375
41.80908203125
8.056640625
25.146484375
0.244140625
0.79345703125
0.30517578125
-1.52587890625
-0.244140625
-1.0986328125
4.57763671875
-3.173828125
-0.42724609375
11.29150390625
-42.48046875
-78.9794921875
-80.56640625
-92.59033203125
-82.51953125
-84.04541015625
-15.13671875
-13.427734375
-42.1142578125
-73.73046875
-79.77294921875
-80.01708984375
-72.998046875
-43.9453125
-16.66259765625
-7.32421875
-2.9296875
1.64794921875
56.7626953125
31.18896484375
9.94873046875
8.85009765625
2.50244140625
-5.79833984375
-4.8828125
0.732421875
2.38037109375
8.056640625
2.685546875
-1.64794921875
6.7138671875
6.8359375
-8.6669921875
-19.34814453125
-32.53173828125
-32.53173828125
-12.939453125
-20.93505859375
-8.36181640625
-3.47900390625
-2.62451171875
2.197265625
-4.33349609375
-12.26806640625
-6.53076171875
-7.4462890625
7.6904296875
37.29248046875
15.07568359375
3.60107421875
0.9765625
0.18310546875
0.3662109375
0.732421875
0.67138671875
0.18310546875
1.220703125
0.48828125
0.3662109375
0.3662109375
0.18310546875
0.3662109375
2.8076171875
0.1220703125
4.69970703125
11.16943359375
-10.6201171875
-10.6201171875
-16.17431640625
-15.93017578125
-26.67236328125
-37.9638671875
-32.1044921875
-53.466796875
-53.1005859375
-58.89892578125
-51.1474609375
-40.283203125
-35.2783203125
-34.97314453125
-29.78515625
-31.18896484375
-34.72900390625
-30.029296875
-36.80419921875
-30.09033203125
-32.89794921875
-33.3251953125
-37.4755859375
-22.3388671875
-9.1552734375
-6.40869140625
-7.14111328125
-7.080078125
-1.40380859375
-5.92041015625
1.3427734375
-0.67138671875
-3.60107421875
-2.62451171875
-7.26318359375
-6.591796875
-6.2255859375
-17.39501953125
37.17041015625
20.5078125
-2.01416015625
2.38037109375
4.08935546875
4.33349609375
-24.59716796875
-12.26806640625
-8.72802734375
-10.986328125
-8.23974609375
-13.3056640625
-6.04248046875
-9.033203125
-7.01904296875
-7.38525390625
-1.28173828125
-5.79833984375
2.86865234375
-6.8359375
-2.197265625
-3.72314453125
-0.67138671875
-6.103515625
-7.2021484375
-10.19287109375
-10.1318359375
-10.6201171875
-9.8876953125
1.46484375
5.37109375
3.23486328125
2.5634765625
-0.1220703125
-9.46044921875
-19.10400390625
-18.310546875
-28.4423828125
-45.0439453125
-37.4755859375
-40.83251953125
-10.31494140625
36.4990234375
18.5546875
0.30517578125
4.0283203125
0.67138671875
2.74658203125
-8.30078125
3.60107421875
-0.42724609375
-12.6953125
-9.1552734375
-3.11279296875
-6.16455078125
-10.43701171875
-11.41357421875
-9.27734375
-7.568359375
-3.84521484375
-3.0517578125
-0.1220703125
-2.13623046875
0.244140625
1.3427734375
1.5869140625
3.90625
-0.18310546875
-7.080078125
-23.98681640625
-72.69287109375
-60.546875
-50.048828125
-65.12451171875
-47.79052734375
-14.09912109375
-4.57763671875
-6.9580078125
-13.0615234375
-53.64990234375
-59.14306640625
-58.7158203125
-54.5654296875
-8.6669921875
-3.96728515625
-4.8828125
-6.7138671875
-7.26318359375
-63.4765625
-11.71875
-8.7890625
-20.1416015625
-80.6884765625
-84.716796875
-8.23974609375
1.64794921875
-13.5498046875
83.3740234375
8.60595703125
1.03759765625
12.75634765625
74.40185546875
91.552734375
96.74072265625
101.50146484375
4.0283203125
-65.0634765625
-81.72607421875
-73.3642578125
-58.53271484375
38.14697265625
92.28515625
0.0
-0.30517578125
-42.48046875
-55.60302734375
-55.60302734375
-81.97021484375
-69.51904296875
-74.21875
-77.63671875
-55.48095703125
-55.48095703125
-8.85009765625
-19.22607421875
-8.97216796875
-70.556640625
-81.787109375
-101.25732421875
-76.2939453125
-12.14599609375
-2.01416015625
-1.46484375
4.8828125
8.056640625
1.3427734375
2.8076171875
2.685546875
2.13623046875
-1.220703125
3.11279296875
-0.732421875
-1.953125
0.79345703125
1.220703125
0.67138671875
0.1220703125
0.30517578125