0.0
0.6801264882087708
0.6974436640739441
0.7059119939804077
0.7147309184074402
0.7321050763130188
0.7405650019645691
0.7580975890159607
0.7920538187026978
0.8089717030525208
0.8432201743125916
0.8604158759117126
0.8774503469467163
0.885874330997467
0.9282566905021667
0.9366892576217651
0.9565857648849487
0.977668046951294
1.0206049680709839
1.041709303855896
1.069456696510315
1.103821873664856
1.1189905405044556
1.1458944082260132
1.1749088764190674
1.2040038108825684
1.2228808403015137
1.2330392599105835
1.2798850536346436
1.289052963256836
1.3082331418991089
1.3378574848175049
1.3657900094985962
1.3746811151504517
1.3959003686904907
1.4047824144363403
1.4237699508666992
1.4538732767105103
1.4668697118759155
1.4786242246627808
1.488660216331482
1.488660216331482
1.5077296495437622
1.5164945125579834
1.526204228401184
1.5353435277938843
1.5464987754821777
1.5585838556289673
1.5712435245513916
1.5735845565795898
1.564774990081787
1.5527961254119873
1.543148159980774
1.531966209411621
1.5176680088043213
1.506125569343567
1.4935225248336792
1.4789466857910156
1.4668875932693481
1.4536365270614624
1.441416621208191
1.441416621208191
1.441416621208191
1.4231189489364624
1.4152833223342896
1.410061001777649
1.4016332626342773
1.3901771306991577
1.3775017261505127
1.3597997426986694
1.3415353298187256
1.3415353298187256
1.285538673400879
1.282167911529541
1.2160232067108154
1.17151939868927
1.1653785705566406
1.1271101236343384
1.0723974704742432
1.0457427501678467
1.0437976121902466
1.0202521085739136
1.019583821296692
1.024158000946045
1.0250152349472046
1.0622005462646484
1.0710608959197998
1.0811513662338257
1.0964339971542358
1.105103611946106
1.120047688484192
1.130837082862854
1.1473388671875
1.1583082675933838
1.169083595275879
1.1862926483154297
1.204748511314392
1.213003158569336
1.2327086925506592
1.2420867681503296
1.263338327407837
1.2754780054092407
1.2877192497253418
1.3086971044540405
1.3293794393539429
1.339637041091919
1.3506436347961426
1.3704206943511963
1.3827285766601562
1.3946954011917114
1.4063856601715088
1.4181019067764282
1.4273960590362549
1.4444465637207031
1.4498918056488037
1.4572341442108154
1.4610494375228882
1.4673805236816406
1.4700713157653809
1.4735203981399536
1.4776216745376587
1.4821003675460815
1.4862816333770752
1.500089168548584
1.5068061351776123
1.5134811401367188
1.520658016204834
1.5287519693374634
1.5361248254776
1.5423681735992432
1.54850172996521
1.5617303848266602
1.5642069578170776
1.5671837329864502
1.5729432106018066
1.5755759477615356
1.5995428562164307
1.6104545593261719
1.617367148399353
1.6333739757537842
1.640186071395874
1.649341106414795
1.6619306802749634
1.6886545419692993
1.6633610725402832
1.6627072095870972
1.642088770866394
1.6141048669815063
1.5936734676361084
1.5805257558822632
1.5596569776535034
1.5413552522659302
1.5400090217590332
1.5134057998657227
1.483393669128418
1.4654124975204468
1.4480665922164917
1.429823398590088
1.3959636688232422
1.3424967527389526
1.3146411180496216
1.3176748752593994
1.3256853818893433
1.3315272331237793
1.333933711051941
1.3382295370101929
1.3337881565093994
1.3359001874923706
1.3453764915466309
1.3504043817520142
1.3614375591278076
1.3789780139923096
1.3848860263824463
1.367064356803894
1.3607124090194702
1.3620023727416992
1.3720847368240356
1.3818509578704834
1.3919949531555176
1.3923392295837402
1.4015406370162964
1.4036955833435059
1.4127930402755737
1.4252643585205078
1.4314886331558228
1.4446207284927368
1.4644107818603516
1.4687751531600952
1.474826693534851
1.4854815006256104
1.489540696144104
1.494895577430725
1.4980398416519165
1.5021108388900757
1.5119829177856445
1.5153552293777466
1.518777847290039
1.5218241214752197
1.5427356958389282
1.593327522277832
1.6367143392562866
1.6572613716125488
1.666651964187622
1.679718017578125
1.693713903427124
1.7046490907669067
1.6848652362823486
1.6851943731307983
1.6849365234375
1.6709699630737305
1.6558983325958252
1.641290545463562
1.6207653284072876
1.59931218624115
1.59931218624115
1.59931218624115
1.5457044839859009
1.52800452709198
1.514609932899475
1.5184826850891113
1.52901029586792
1.5306596755981445
1.540144920349121
1.5393131971359253
1.5134979486465454
1.5133438110351562
1.514977216720581
1.5196136236190796
1.5223636627197266
1.5273728370666504
1.509335994720459
1.506716012954712
1.4808450937271118
1.4809801578521729
1.4566552639007568
1.3893349170684814
1.3893349170684814
1.310525894165039
1.2822511196136475
1.2760858535766602
1.2329809665679932
1.241163730621338
1.2404718399047852
1.2027562856674194
1.197893738746643
1.1965748071670532
1.187416434288025
1.1680854558944702
1.1667662858963013
1.172187089920044
1.1518425941467285
1.142958164215088
1.1175209283828735
1.1322814226150513
1.146101474761963
1.151288390159607
1.16389799118042
1.1756963729858398
1.1856129169464111
1.1953399181365967
1.200132131576538
1.2110689878463745
1.2226287126541138
1.2276369333267212
1.237995982170105
1.244476318359375
1.2503410577774048
1.261614203453064
1.2665719985961914
1.276118278503418
1.2854830026626587
1.2885733842849731
1.3004801273345947
1.31264066696167
1.3248851299285889
1.328033685684204
1.3403737545013428
1.3456765413284302
1.3647490739822388
1.3735547065734863
1.3953900337219238
1.4229949712753296
1.45196533203125
1.478498935699463
1.50040602684021
1.522312879562378
1.5415141582489014
1.5573724508285522
1.5686291456222534
1.5765331983566284
1.5843968391418457
1.60160493850708
1.6080464124679565
1.6170731782913208
1.6285802125930786
1.6377440690994263
1.6470897197723389
1.6542268991470337
1.660378098487854
1.668129801750183
1.678611159324646
1.699288010597229
1.7197383642196655
1.739455223083496
1.761165738105774
1.7840750217437744
1.8066120147705078
1.8313407897949219
1.849110722541809
1.849110722541809
1.9077811241149902
1.9205942153930664
1.9028862714767456
1.8693156242370605
1.8281371593475342
1.7776150703430176
1.7221388816833496
1.6947141885757446
1.6481220722198486
1.641319751739502
1.573672890663147
1.5445759296417236
1.5445759296417236
1.4882088899612427
1.4940159320831299
1.50459623336792
1.5138030052185059
1.512902855873108
1.5154757499694824
1.4695309400558472
1.445576786994934
1.4403860569000244
1.4463773965835571
1.4490705728530884
1.4390915632247925
1.4133946895599365
1.3808690309524536
1.3471392393112183
1.343611478805542
1.3275365829467773
1.346751093864441
1.430825114250183
1.4852147102355957
1.5101490020751953
1.519686222076416
1.5364106893539429
1.5514914989471436
1.5475146770477295
1.5230599641799927
1.5251556634902954
1.5342484712600708
1.5392392873764038
1.5436201095581055
1.5479514598846436
1.5658940076828003
1.5709178447723389
1.5793883800506592
1.5712631940841675
1.5432215929031372
1.5176695585250854
1.5040723085403442
1.4943724870681763
1.490263819694519
1.4906617403030396
1.478039264678955
1.465574860572815
1.4590840339660645
1.432266354560852
1.3928486108779907
1.3518519401550293
1.2964695692062378
1.2738395929336548
1.2159311771392822
1.1634058952331543
1.1187114715576172
1.0820043087005615
1.0430880784988403
1.0100605487823486
0.9922398328781128
0.9890392422676086
0.9908866286277771
1.0356121063232422
1.1264762878417969
1.1544396877288818
1.1654291152954102
1.1746852397918701
1.1945890188217163
1.1945890188217163
1.2185626029968262
1.2290619611740112
1.219827651977539
1.2187565565109253
1.2253963947296143
1.2350496053695679
1.2490673065185547
1.2685692310333252
1.2799795866012573
1.2859598398208618
1.2982996702194214
1.310962200164795
1.3169633150100708
1.3248640298843384
1.337671160697937
1.3499078750610352
1.3536596298217773
1.3539464473724365
1.3548378944396973
1.4032714366912842
1.4388272762298584
1.4650022983551025
1.4864492416381836
1.499570369720459
1.5213775634765625
1.5432230234146118
1.5537699460983276
1.6470553874969482
1.6624808311462402
1.681161880493164
1.6912137269973755
1.7127900123596191
1.7320072650909424
1.7460367679595947
1.7478619813919067
1.7322230339050293
1.7042232751846313
1.6636818647384644
1.6176447868347168
1.5553584098815918
1.5040462017059326
1.4765883684158325
1.4631669521331787
1.4465945959091187
1.3990166187286377
1.3679704666137695
1.330344557762146
1.2857592105865479
1.2151461839675903
1.1650856733322144
1.1221551895141602
1.086971402168274
1.0915485620498657
1.1059021949768066
1.1124851703643799
1.136017084121704
1.2030739784240723
1.2279996871948242
1.241523027420044
1.2620431184768677
1.2705063819885254
1.2853363752365112
1.2935959100723267
1.2998121976852417
1.3103758096694946
1.3044596910476685
1.2900389432907104
1.2760841846466064
1.2840526103973389
1.2833808660507202
1.2865371704101562
1.2975311279296875
1.3013803958892822
1.3057475090026855
1.3194921016693115
1.324356198310852
1.3359384536743164
1.3452337980270386
1.349106788635254
1.3536403179168701
1.3603534698486328
1.3400757312774658
1.2969045639038086
1.3144127130508423
1.3190999031066895
1.3168294429779053
1.322737455368042
1.3239545822143555
1.331839919090271
1.335014820098877
1.335014820098877
1.335014820098877
1.335014820098877
1.2900584936141968
1.2950198650360107
1.2964545488357544
1.2965043783187866
1.285820484161377
1.2806103229522705
1.2596335411071777
1.2454845905303955
1.224098563194275
1.224098563194275
1.208798885345459
1.1761977672576904
1.1617594957351685
1.1525064706802368
1.1439735889434814
1.1463077068328857
1.1402040719985962
1.1455954313278198
1.1493210792541504
1.1513320207595825
1.1551469564437866
1.161902904510498
1.1646795272827148
1.1611125469207764
1.1502434015274048
1.1533061265945435
1.1474462747573853
1.1062476634979248
1.0687607526779175
1.0242115259170532
0.9838124513626099
0.9552252888679504
0.9414142966270447
0.937840461730957
0.940509557723999
0.9330320358276367
0.8764933347702026
0.8150208592414856
0.768423855304718
0.7595692276954651
0.7627906799316406
0.7908874750137329
0.8610684871673584
0.8991372585296631
0.9155714511871338
0.928486168384552
0.9386488795280457
0.955162525177002
0.9638910889625549
0.9720697402954102
0.9752359390258789
0.9823830723762512
0.9948996901512146
1.0432360172271729
1.1121163368225098
1.1369028091430664
1.1476119756698608
1.160275936126709
1.1706651449203491
1.1958190202713013
1.2649362087249756
1.2806190252304077
1.2895256280899048
1.2912354469299316
1.250511884689331
1.1935349702835083
1.1405565738677979
1.077497124671936
1.0229848623275757
0.9734494686126709
0.9209109544754028
0.8922510147094727
0.8612754344940186
0.8480040431022644
0.8456325531005859
0.841225266456604
0.8355216979980469
0.816209614276886
0.7930982708930969
0.7664299011230469
0.7068723440170288
0.6779224276542664
0.6359250545501709
0.6235873699188232
0.6236537098884583
0.6252909302711487
0.6276373863220215
0.6285367012023926
0.6299607157707214
0.6302011013031006
0.6301365494728088
0.6356215476989746
0.6354728937149048
0.6336671113967896
0.6357913017272949
0.6342316269874573
0.6374524831771851
0.6415014266967773
0.6474593281745911
0.6488766074180603
0.6449122428894043
0.6418837308883667
0.6382498741149902
0.6189712285995483
0.5921941995620728
0.5651843547821045
0.5423629283905029
0.5152966380119324
0.4857061207294464
0.45163267850875854
0.4004729688167572
0.29732227325439453
0.24353793263435364
0.18320176005363464
0.12746624648571014
0.07060877978801727
0.016697676852345467
-0.030992379412055016
-0.034002918750047684
0.006916811689734459
0.09706949442625046
0.19901005923748016
0.2294645458459854
0.24930930137634277
0.22678110003471375
0.2128460854291916
0.21173086762428284
0.21323134005069733
0.21612010896205902
0.2228749543428421
0.22348514199256897
0.2282751351594925
0.2393975704908371
0.24846906960010529
0.2508728802204132
0.2558872103691101
0.30038928985595703
0.31291210651397705
0.33318421244621277
0.3575899004936218
0.3709394037723541
0.3607538044452667
0.32758212089538574
0.3278166949748993
0.3214993178844452
0.32195666432380676
0.32519686222076416
0.33505722880363464
0.35363560914993286
0.3689206838607788
0.37421563267707825
0.37894439697265625
0.3800152540206909
0.3764408826828003
0.38098588585853577
0.3895823359489441
0.4000803828239441
0.4160177707672119
0.4193285405635834
0.42155584692955017
0.43152204155921936
0.4321436882019043
0.4173550605773926
0.39501604437828064
0.354440301656723
0.30516722798347473
0.2536845803260803
0.2042139619588852
0.192788764834404
0.11044669151306152
0.04910701513290405
-0.00777291739359498
-0.04598735645413399
-0.0817214846611023
-0.09554649889469147
-0.09205455332994461
-0.09089728444814682
-0.08540842682123184
-0.08096972107887268
-0.07862092554569244
-0.07799474895000458
-0.0778912678360939
-0.07686364650726318
-0.07857455313205719
-0.07422653585672379
-0.05761469155550003
-0.038391731679439545
0.031984735280275345
0.05241290107369423
0.06078924611210823
0.08054293692111969
0.08054293692111969
0.10103017091751099
0.11677750945091248
0.1280420869588852
0.1437041461467743
0.15272830426692963
0.16011732816696167
0.14081864058971405
0.10087636113166809
0.09064029157161713
0.05735432729125023
0.025933798402547836
0.026678496971726418
0.030097084119915962
0.009452651254832745
-0.04718155041337013
-0.08592226356267929
-0.08571597933769226
-0.08093711733818054
-0.08276298642158508
-0.12539194524288177
-0.16601057350635529
-0.1795065850019455
-0.1769832968711853
-0.17120614647865295
-0.17819026112556458
-0.198447123169899
-0.23020388185977936
-0.26511019468307495
-0.28711920976638794
-0.2867077887058258
-0.28331536054611206
-0.2830232083797455
-0.2841532826423645
-0.29499876499176025
-0.29499876499176025
-0.33102452754974365
-0.35241061449050903
-0.37961065769195557
-0.40864548087120056
-0.44336315989494324
-0.4866742491722107
-0.5132599472999573
-0.5365052819252014
-0.542524516582489
-0.5433593988418579
-0.544102668762207
-0.5451971292495728
-0.546531617641449
-0.5734899044036865
-0.5940167307853699
-0.5947862863540649
-0.5882441997528076
-0.5858632922172546
-0.581112265586853
-0.5810980796813965
-0.5733275413513184
-0.5670571327209473
-0.5553674697875977
-0.555767297744751
-0.546751856803894
-0.5441287755966187
-0.538188636302948
-0.5112751126289368
-0.46624094247817993
-0.43417149782180786
-0.4025689661502838
-0.36799386143684387
-0.3263084292411804
-0.2974258065223694
-0.28244638442993164
-0.2686152458190918
-0.2587071359157562
-0.22976379096508026
-0.1863114833831787
-0.14105381071567535
-0.120915986597538
-0.1037854477763176
-0.08616269379854202
-0.049859948456287384
-0.028630388900637627
0.005018931347876787
0.016004452481865883
0.00922180525958538
-0.015322494320571423
-0.08451131731271744
-0.1318279653787613
-0.20659282803535461
-0.2526538670063019
-0.3146969676017761
-0.32530316710472107
-0.41046273708343506
-0.43127456307411194
-0.5254783630371094
-0.5658292174339294
-0.5917872786521912
-0.6305117607116699
-0.626490592956543
-0.6216719150543213
-0.6151003837585449
-0.6144973039627075
-0.612107515335083
-0.6031427383422852
-0.5984727740287781
-0.5910835266113281
-0.571595311164856
-0.5632184743881226
-0.5503246784210205
-0.5370305180549622
-0.5241199731826782
-0.5123404264450073
-0.5037810206413269
-0.496257483959198
-0.4941854476928711
-0.4814741909503937
-0.47718098759651184
-0.4658525884151459
-0.4551834464073181
-0.4452415704727173
-0.4353630542755127
-0.4254680275917053
-0.4154203534126282
-0.40570515394210815
-0.39587369561195374
-0.3860335350036621
-0.38085517287254333