0.0
0.42724609375
0.18310546875
0.3662109375
0.54931640625
0.48828125
0.42724609375
0.732421875
0.48828125
0.42724609375
0.3662109375
0.48828125
0.54931640625
0.54931640625
0.30517578125
2.8076171875
1.40380859375
5.2490234375
7.14111328125
5.4931640625
5.37109375
2.8076171875
4.33349609375
2.86865234375
3.47900390625
4.0283203125
4.33349609375
-1.46484375
2.25830078125
0.1220703125
2.44140625
5.126953125
1.64794921875
2.9296875
0.18310546875
5.126953125
6.4697265625
5.615234375
6.16455078125
3.23486328125
-2.0751953125
-2.0751953125
0.8544921875
1.46484375
2.0751953125
4.2724609375
4.08935546875
4.94384765625
-0.91552734375
-20.99609375
-25.146484375
-21.30126953125
-27.2216796875
-26.18408203125
-24.5361328125
-26.4892578125
-23.8037109375
-28.99169921875
-19.6533203125
-21.42333984375
-15.31982421875
-17.15087890625
-17.63916015625
-17.333984375
-23.62060546875
-14.7705078125
-18.6767578125
-21.484375
-27.4658203125
-37.78076171875
-47.66845703125
-47.66845703125
-45.8984375
-48.095703125
-47.30224609375
-50.9033203125
-42.78564453125
-45.95947265625
-46.08154296875
-31.43310546875
-14.70947265625
-12.87841796875
-11.1083984375
13.427734375
23.13232421875
7.50732421875
5.67626953125
2.9296875
2.38037109375
-2.44140625
7.50732421875
3.23486328125
5.126953125
3.60107421875
1.708984375
-2.01416015625
-3.60107421875
-1.46484375
5.79833984375
2.01416015625
0.54931640625
2.9296875
4.8828125
1.8310546875
0.1220703125
1.0986328125
-0.18310546875
4.69970703125
5.43212890625
8.48388671875
6.04248046875
2.685546875
0.67138671875
2.8076171875
-3.60107421875
-2.13623046875
-9.70458984375
-0.30517578125
-1.0986328125
-3.47900390625
-2.9296875
-2.9296875
-1.5869140625
0.67138671875
-3.47900390625
-1.40380859375
-0.42724609375
4.0283203125
-3.60107421875
0.18310546875
-3.2958984375
-0.9765625
-3.23486328125
-6.40869140625
-12.75634765625
-7.080078125
-6.77490234375
-3.662109375
-2.0751953125
-0.6103515625
-0.3662109375
-2.685546875
-2.685546875
-18.310546875
-33.935546875
-35.58349609375
-32.8369140625
-30.1513671875
-33.14208984375
-39.00146484375
-36.2548828125
-40.71044921875
-35.15625
-36.2548828125
-40.34423828125
-42.54150390625
-42.54150390625
-47.7294921875
-45.7763671875
-47.7294921875
-7.14111328125
-6.591796875
-7.14111328125
0.0
-4.8828125
-15.44189453125
-13.7939453125
-5.18798828125
-1.0986328125
-3.662109375
-3.0517578125
-4.82177734375
-4.82177734375
-24.47509765625
-10.43701171875
-6.65283203125
-7.99560546875
-6.7138671875
-2.50244140625
-9.46044921875
-0.6103515625
-3.84521484375
-0.67138671875
-4.08935546875
-2.5634765625
-0.244140625
-2.9296875
-4.21142578125
-5.37109375
-7.50732421875
-2.685546875
-4.8828125
-5.43212890625
-2.99072265625
-1.5869140625
-1.8310546875
-2.197265625
-1.46484375
32.04345703125
54.8095703125
19.10400390625
-1.708984375
2.74658203125
3.662109375
-2.5634765625
-21.54541015625
-15.869140625
-4.21142578125
-25.57373046875
-33.75244140625
-34.36279296875
-35.400390625
-26.18408203125
-30.94482421875
-26.85546875
-36.07177734375
-36.07177734375
-36.9873046875
-11.41357421875
-8.1787109375
-3.96728515625
-2.0751953125
-25.20751953125
-31.67724609375
-16.11328125
-8.1787109375
-6.65283203125
-5.18798828125
-7.38525390625
-32.16552734375
-41.56494140625
-25.81787109375
-23.62060546875
-23.62060546875
-23.62060546875
-50.10986328125
-48.583984375
-52.79541015625
-46.69189453125
-33.447265625
-4.2724609375
-27.83203125
-27.83203125
-31.005859375
-11.5966796875
-13.0615234375
-38.26904296875
-21.54541015625
-4.2724609375
-32.16552734375
-45.71533203125
-43.27392578125
-16.2353515625
-4.21142578125
5.126953125
2.44140625
-5.0048828125
-7.080078125
-6.28662109375
-0.79345703125
1.3427734375
-6.9580078125
0.0
-2.50244140625
-2.8076171875
-7.01904296875
-1.3427734375
-4.0283203125
-4.638671875
-1.953125
-6.103515625
-5.18798828125
-4.33349609375
0.06103515625
-7.14111328125
-4.08935546875
0.48828125
-0.42724609375
-1.64794921875
18.24951171875
20.751953125
23.92578125
20.5078125
22.3388671875
24.0478515625
11.04736328125
11.29150390625
7.9345703125
2.50244140625
1.220703125
-5.0048828125
-3.2958984375
2.25830078125
7.14111328125
2.44140625
1.220703125
3.11279296875
-1.40380859375
-1.40380859375
1.40380859375
12.75634765625
17.333984375
17.76123046875
22.27783203125
19.47021484375
17.51708984375
17.02880859375
22.8271484375
17.08984375
22.15576171875
4.57763671875
-8.23974609375
-44.0673828125
-53.466796875
-50.1708984375
-52.42919921875
-49.8046875
-47.607421875
-51.26953125
-49.9267578125
-54.931640625
-49.74365234375
-43.3349609375
-5.0048828125
-4.39453125
-2.62451171875
-7.87353515625
-23.92578125
-47.54638671875
-46.875
-34.0576171875
-3.7841796875
-9.033203125
-9.033203125
-26.18408203125
-47.79052734375
-47.119140625
-39.55078125
-39.55078125
11.53564453125
14.7705078125
62.31689453125
33.3251953125
-1.52587890625
2.01416015625
3.662109375
2.13623046875
-41.50390625
-10.80322265625
-9.1552734375
-7.01904296875
0.8544921875
-1.40380859375
-2.74658203125
-1.953125
-6.4697265625
-4.45556640625
-37.41455078125
-41.9921875
-25.390625
-19.1650390625
-15.7470703125
-16.05224609375
-20.1416015625
-24.10888671875
-22.3388671875
-35.400390625
-56.396484375
-59.9365234375
-59.9365234375
-66.10107421875
-65.36865234375
-65.49072265625
-66.46728515625
-63.5986328125
-47.607421875
-46.38671875
-41.80908203125
-15.625
-17.08984375
20.69091796875
55.908203125
6.4697265625
0.91552734375
2.0751953125
4.69970703125
6.8359375
6.591796875
5.92041015625
-6.9580078125
-26.611328125
-10.07080078125
-7.4462890625
-0.79345703125
-3.72314453125
-8.48388671875
-2.01416015625
-5.92041015625
-2.38037109375
-2.0751953125
-1.3427734375
-5.37109375
-3.5400390625
-10.25390625
-7.8125
-8.85009765625
-2.99072265625
45.2880859375
9.033203125
4.69970703125
5.2490234375
5.67626953125
2.0751953125
-1.8310546875
52.001953125
13.97705078125
5.67626953125
1.3427734375
7.8125
5.79833984375
2.3193359375
-22.76611328125
-23.8037109375
-23.8037109375
-61.58447265625
-62.255859375
-65.61279296875
-66.0400390625
-43.5791015625
-27.7099609375
-50.1708984375
-60.1806640625
-61.09619140625
-60.4248046875
-62.8662109375
-61.767578125
-66.71142578125
-59.75341796875
-68.17626953125
-13.85498046875
-6.40869140625
0.48828125
-8.056640625
20.3857421875
41.3818359375
6.04248046875
6.7138671875
1.220703125
-2.8076171875
0.67138671875
-3.23486328125
2.197265625
2.01416015625
-48.88916015625
-45.5322265625
-5.92041015625
-10.31494140625
-10.7421875
-9.1552734375
-1.40380859375
-7.62939453125
-1.28173828125
-1.64794921875
-3.96728515625
-10.80322265625
1.5869140625
-8.6669921875
-1.64794921875
-22.4609375
-43.9453125
-16.29638671875
-4.33349609375
-13.85498046875
-4.0283203125
-5.37109375
-6.103515625
-6.04248046875
-30.6396484375
-45.10498046875
-14.70947265625
-7.62939453125
-8.23974609375
-6.103515625
-18.1884765625
-20.5078125
-18.24951171875
-32.1044921875
-37.109375
-31.982421875
-35.0341796875
-28.9306640625
-35.888671875
-27.587890625
-20.81298828125
-18.12744140625
-15.869140625
-8.9111328125
-4.69970703125
-4.82177734375
-4.69970703125
-5.859375
-2.62451171875
2.99072265625
-9.033203125
-29.72412109375
-1.46484375
-1.46484375
-36.07177734375
-58.2275390625
-54.19921875
-55.35888671875
-54.6875
-30.8837890625
-22.94921875
-7.32421875
1.8310546875
-64.63623046875
-70.556640625
-76.35498046875
-11.16943359375
-9.1552734375
-2.86865234375
71.59423828125
66.650390625
8.60595703125
3.23486328125
5.92041015625
19.71435546875
-0.9765625
1.3427734375
-6.9580078125
0.244140625
7.50732421875
61.767578125
53.22265625
35.21728515625
17.2119140625
6.4697265625
9.82666015625
4.08935546875
49.560546875
29.052734375
8.85009765625
4.150390625
-26.85546875
-60.4248046875
-70.1904296875
-70.068359375
-62.68310546875
-67.5048828125
-72.93701171875
-55.2978515625
-38.14697265625
-22.88818359375
-5.9814453125
-10.3759765625
-11.41357421875
-32.1044921875
-31.43310546875
-49.74365234375
-55.35888671875
-55.419921875
-48.64501953125
-36.376953125
-7.26318359375
-0.67138671875
0.42724609375
-5.37109375
-3.11279296875
-6.591796875
-0.244140625
-4.150390625
-7.38525390625
-8.11767578125
-9.46044921875
2.13623046875
-6.103515625
-1.5869140625
-9.27734375
-2.99072265625
0.18310546875
-13.12255859375
-31.06689453125
-40.46630859375
-37.04833984375
-37.841796875
-36.43798828125
-44.189453125
-43.76220703125
-46.38671875
-54.74853515625
-73.974609375
-65.4296875
-75.62255859375
-75.98876953125
-65.7958984375
-78.18603515625
-66.162109375
-13.916015625
-9.58251953125
98.388671875
97.5341796875
44.677734375
3.662109375
-23.86474609375
-53.28369140625
-16.41845703125
-4.21142578125
-15.56396484375
-2.99072265625
-8.36181640625
-0.54931640625
-1.28173828125
-6.7138671875
-2.50244140625
-0.79345703125
15.869140625
29.84619140625
18.4326171875
8.056640625
2.74658203125
-4.69970703125
-42.8466796875
-13.24462890625
-14.2822265625
-5.18798828125
-7.87353515625
-2.3193359375
-1.708984375
-6.53076171875
-2.86865234375
-7.9345703125
-7.9345703125
-7.8125
-18.61572265625
-3.7841796875
-3.7841796875
-7.2021484375
0.54931640625
-5.31005859375
1.708984375
-6.40869140625
-28.62548828125
-34.36279296875
-59.326171875
-64.5751953125
-66.162109375
-69.64111328125
-67.93212890625
-68.9697265625
-64.63623046875
-65.7958984375
-60.24169921875
-63.53759765625
-26.4892578125
-13.36669921875
-4.21142578125
-6.40869140625
-7.14111328125
-5.126953125
-10.7421875
-13.48876953125
-10.25390625
-6.34765625
-3.35693359375
6.591796875
55.0537109375
60.11962890625
9.3994140625
8.1787109375
1.0986328125
0.48828125
4.82177734375
11.04736328125
5.92041015625
5.06591796875
11.71875
4.2724609375
-2.99072265625
-69.03076171875
-21.1181640625
-15.93017578125
-64.75830078125
-7.14111328125
-3.84521484375
0.8544921875
-63.5986328125
-72.08251953125
-7.4462890625
-2.50244140625
-22.39990234375
-32.40966796875
-58.59375
-27.34375
-5.0048828125
-3.90625
-6.04248046875
-30.029296875
-38.02490234375
-42.41943359375
-40.95458984375
-16.9677734375
-2.9296875
-4.7607421875
-7.87353515625
-14.58740234375
-32.2265625
-32.2265625
-24.658203125
-36.07177734375
-47.54638671875
-45.166015625
-50.23193359375
-54.01611328125
-52.55126953125
-24.2919921875
-8.9111328125
-5.67626953125
-8.72802734375
-6.103515625
-31.3720703125
-41.015625
0.0
-6.2255859375
-10.6201171875
-10.68115234375
-7.99560546875
-3.7841796875
-4.94384765625
-2.3193359375
-6.103515625
-7.38525390625
1.3427734375
-4.69970703125
19.1650390625
35.400390625
35.09521484375
30.70068359375
26.2451171875
23.5595703125
14.5263671875
17.578125
5.92041015625
10.3759765625
10.07080078125
18.00537109375
20.8740234375
21.66748046875
20.81298828125
12.0849609375
22.216796875
22.216796875
19.6533203125
11.16943359375
-10.25390625
-33.935546875
-66.162109375
-74.64599609375
-73.3642578125
-65.7958984375
-78.125
-62.5
-59.814453125
-62.56103515625
-61.21826171875
-60.791015625
-58.837890625
-59.02099609375
-8.85009765625
-11.474609375
-1.5869140625
-3.5400390625
-5.92041015625
-2.685546875
0.67138671875
2.3193359375
3.72314453125
4.94384765625
1.708984375
0.79345703125
0.67138671875
0.244140625
-0.18310546875
-8.23974609375
-0.6103515625
-3.173828125
-3.96728515625
2.197265625
1.40380859375
0.91552734375
0.54931640625
0.30517578125
0.42724609375
0.48828125
0.42724609375
0.3662109375
0.48828125
0.54931640625
