0.0
0.12689268589019775
-1.647210717201233
-1.070208191871643
-1.0295066833496094
-1.4101847410202026
2.2840683460235596
-4.479551315307617
2.7940332889556885
2.829946279525757
-1.788468599319458
-0.711077868938446
2.0398597717285156
-0.49799394607543945
1.3431471586227417
-3.9384617805480957
-2.054224967956543
1.1037269830703735
-1.7812860012054443
1.8052279949188232
-1.213860273361206
-2.030282974243164
3.6846764087677
-3.2130186557769775
0.7757213115692139
7.398083209991455
-0.15083470940589905
-1.4101847410202026
-0.2537853717803955
-0.4692635238170624
0.3495534360408783
-0.325611412525177
-3.0406360626220703
-4.649539470672607
8.487444877624512
0.6991068720817566
0.6991068720817566
1.1420341730117798
2.2242133617401123
3.6535518169403076
-3.9217023849487305
-0.38546645641326904
-1.259350061416626
-2.6120738983154297
1.9369091987609863
-3.8810009956359863
-2.63362193107605
3.574542999267578
4.125209331512451
-8.470685005187988
3.450044631958008
2.212242364883423
5.705382347106934
-8.834604263305664
-5.1547160148620605
-3.579331398010254
0.9217676520347595
-1.070208191871643
-4.5825018882751465
-5.513846397399902
-1.5131354331970215
-2.4229321479797363
0.9672574996948242
-1.0486602783203125
-1.647210717201233
-4.163516521453857
-1.357512354850769
4.201823711395264
-0.9193734526634216
4.9152960777282715
6.574477672576904
-1.5897499322891235
-2.073378562927246
2.229001760482788
-0.849941611289978
-5.834669589996338
2.9472622871398926
4.728548049926758
0.9959878921508789
-7.766790390014648
2.8562824726104736
2.8562824726104736
-1.9512743949890137
-1.9512743949890137
-1.9512743949890137
-1.2880804538726807
3.5721487998962402
3.5721487998962402
-0.4429273009300232
-0.4429273009300232
-0.4429273009300232
4.994304656982422
4.994304656982422
-3.9647979736328125
-0.11971008032560349
4.58968448638916
0.5889735817909241
6.660668849945068
-5.568912982940674
4.5825018882751465
3.0597896575927734
-5.458779811859131
2.056619167327881
-4.841075897216797
-4.580107688903809
8.17141056060791
-2.3487117290496826
4.812345504760742
4.812345504760742
-0.6153098344802856
0.36152446269989014
2.9233202934265137
6.026205539703369
8.185775756835938
-2.0853495597839355
-3.9695863723754883
-0.711077868938446
-1.1540051698684692
1.0869675874710083
-0.10773907601833344
0.7134720683097839
1.8195933103561401
-0.4189852774143219
-0.3998316824436188
0.9361328482627869
3.0142998695373535
1.886630892753601
3.971980571746826
-2.6671407222747803
-1.5394716262817383
0.14604629576206207
4.7141828536987305
2.296039342880249
2.4133553504943848
-1.3335703611373901
4.649539470672607
3.177105665206909
7.343016624450684
-1.7118542194366455
3.4739866256713867
3.840299367904663
1.8531121015548706
-1.094150185585022
-1.1228805780410767
2.7437551021575928
0.529118537902832
7.67581033706665
-0.7924807667732239
-4.517858505249023
1.9728221893310547
-0.8164227604866028
0.47405192255973816
-1.1540051698684692
1.0893617868423462
1.6376339197158813
1.5394716262817383
4.857835292816162
1.237802267074585
1.213860273361206
1.213860273361206
-8.078036308288574
3.2130186557769775
3.2130186557769775
-2.9544448852539062
4.438849925994873
-6.143521308898926
1.968033790588379
5.16668701171875
-1.4700398445129395
-1.4700398445129395
-1.4700398445129395
-1.4700398445129395
3.6176388263702393
0.8451532125473022
0.8451532125473022
0.8451532125473022
-0.48602294921875
-0.48602294921875
-0.0454898327589035
6.976703643798828
6.976703643798828
6.976703643798828
-1.1994950771331787
-1.1994950771331787
-1.1994950771331787
-1.1994950771331787
-1.9536685943603516
-0.035913024097681046
0.10773907601833344
5.035006046295166
-1.7094600200653076
-1.7094600200653076
-2.8586766719818115
-2.8586766719818115
7.682992935180664
-1.3479355573654175
-5.918466567993164
1.460463047027588
1.1563993692398071
1.8698714971542358
4.817133903503418
-2.276885747909546
4.659116268157959
1.1180921792984009
-1.4484920501708984
4.489128112792969
-0.3711012601852417
1.2282254695892334
2.365471124649048
-3.7229835987091064
4.788403511047363
4.788403511047363
0.8595184087753296
-4.58968448638916
1.091755986213684
-6.2392897605896
0.5889735817909241
-2.3343465328216553
0.6009446382522583
10.627861022949219
0.13168108463287354
2.6671407222747803
1.4652514457702637
0.33279404044151306
-0.6655880808830261
-1.335964560508728
-1.525106430053711
0.8403647541999817
-6.1052141189575195
-3.4093432426452637
5.008669853210449
0.3758896589279175
3.2393548488616943
-3.8067805767059326
-1.8770540952682495
9.926360130310059
-3.6774938106536865
2.9472622871398926
3.134010076522827
-2.073378562927246
0.8786720037460327
3.5697546005249023
-3.1292216777801514
3.021482467651367
-7.72130012512207
2.8802247047424316
2.626439332962036
-3.4548330307006836
1.8004395961761475
1.8004395961761475
1.8004395961761475
0.7637503147125244
0.7637503147125244
0.7637503147125244
0.7637503147125244
1.9943699836730957
1.702277421951294
-5.760449409484863
6.691793441772461
6.691793441772461
6.691793441772461
6.691793441772461
1.1563993692398071
-1.3479355573654175
-3.7828385829925537
2.719813108444214
-1.1659761667251587
-4.467580318450928
-4.467580318450928
-0.2537853717803955
-2.5498247146606445
-4.970362663269043
1.2928688526153564
3.6128501892089844
4.922478675842285
7.467514991760254
0.1364694982767105
-0.871489405632019
1.5538368225097656
-0.49559974670410156
1.0342950820922852
-2.1116857528686523
-2.1116857528686523
-0.5147533416748047
7.7165117263793945
-2.7509377002716064
-7.311892032623291
-1.5682021379470825
5.477933406829834
-1.4748282432556152
3.0406360626220703
2.3463175296783447
4.982333660125732
2.343923330307007
5.2696380615234375
-5.418078422546387
-5.535394191741943
5.202600002288818
9.801861763000488
2.5306711196899414
6.100425720214844
3.043030261993408
4.850652694702148
3.7493197917938232
8.398859024047852
-1.2617442607879639
4.541800498962402
2.209848165512085
2.626439332962036
2.626439332962036
0.6057330369949341
-3.313575029373169
-3.313575029373169
1.3958195447921753
-0.811634361743927
-0.811634361743927
-0.6967126727104187
0.9361328482627869
1.4293383359909058
1.5059528350830078
-1.3670891523361206
-7.606378555297852
1.5203180313110352
4.165910720825195
2.1475989818573
3.251325845718384
1.2856862545013428
-7.3023152351379395
6.672639846801758
-2.1140799522399902
-0.7469909191131592
5.559336185455322
4.113238334655762
-7.5417351722717285
-1.5897499322891235
1.8171991109848022
5.082890033721924
0.849941611289978
-5.044582843780518
5.16668701171875
5.849034786224365
2.7485435009002686
1.3072340488433838
0.12689268589019775
1.8602946996688843
-1.280897855758667
-0.5315127968788147
6.912060260772705
-1.6184803247451782
-1.1516109704971313
5.5114521980285645
-0.3663128614425659
-0.3663128614425659
4.683058261871338
-1.2952630519866943
-0.9720458984375
-2.693476915359497
0.8164227604866028
7.319074630737305
4.062960147857666
-2.3535001277923584
1.790862798690796
2.056619167327881
0.9528922438621521
0.2346317619085312
4.422090530395508
-0.10295066982507706
3.1675288677215576
-2.2026655673980713
3.691859006881714
4.455609321594238
-0.5985504388809204
-0.8690952062606812
1.9752163887023926
-5.6527099609375
1.5083470344543457
-1.3934253454208374
2.456450939178467
0.7350199222564697
2.099714756011963
-1.3120225667953491
-4.659116268157959
-8.161833763122559
-2.6192567348480225
4.086902141571045
2.5258827209472656
2.22660756111145
-0.17238251864910126
-8.518569946289062
1.3886369466781616
2.7293899059295654
-2.7126305103302
-1.91057288646698
-5.925649166107178
-12.023680686950684
0.6153098344802856
5.389348030090332
5.542576789855957
-1.9584569931030273
3.2369606494903564
2.406172752380371
-2.408566951751709
1.501164436340332
-11.54005241394043
1.400607943534851
-6.933608055114746
-1.455674648284912
-5.978321552276611
0.8762778043746948
2.4396915435791016
4.702211856842041
0.9696516990661621
3.201047658920288
0.3711012601852417
1.580173134803772
4.912901878356934
3.7852327823638916
-1.482010841369629
-0.14604629576206207
-5.16668701171875
7.515398979187012
5.674257755279541
6.40927791595459
2.456450939178467
6.797138690948486
-6.01423454284668
-1.8363527059555054
-1.8363527059555054
0.7709329128265381
0.7709329128265381
-1.4652514457702637
5.281609058380127
-7.513004779815674
10.771512985229492
-2.032677173614502
-5.542576789855957
1.0965443849563599
1.4269441366195679
2.8107926845550537
-3.313575029373169
-2.252943754196167
-7.965508937835693
0.569819986820221
4.355052947998047
6.090848922729492
-2.9233202934265137
-4.5154643058776855
-3.890577793121338
3.7612907886505127
1.1204863786697388
4.869806289672852
2.6623523235321045
3.399766445159912
0.4572925269603729
-0.8930371999740601
1.2521674633026123
-3.4835634231567383
-1.601720929145813
-1.601720929145813
6.088454723358154
1.6639701128005981
6.892906665802002
5.011064052581787
7.292738437652588
5.6646809577941895
7.8745293617248535
-0.9528922438621521
-0.29209259152412415
6.153098106384277
1.9560627937316895
5.382165431976318
-7.196969985961914
-9.976638793945312
-9.976638793945312
-3.5410242080688477
2.738966703414917
7.007828235626221
7.007828235626221
-3.7397429943084717
-4.896142482757568
3.4189200401306152
3.8043863773345947
0.3471592366695404
-3.1435868740081787
-5.801150798797607
-1.2282254695892334
0.7541735172271729
3.4739866256713867
3.754108190536499
0.3423708379268646
4.800374507904053
4.558559894561768
-0.507570743560791
3.265691041946411
-2.4133553504943848
3.7038300037384033
0.8403647541999817
-6.380547523498535
4.5394062995910645
5.95677375793457
-0.3663128614425659
-2.580949306488037
5.832275390625
-2.7293899059295654
7.582436561584473
4.197035312652588
3.4811692237854004
-1.1013327836990356
2.1954829692840576
1.8004395961761475
9.318232536315918
0.14365209639072418
-0.6200982332229614
2.5282769203186035
0.2322375625371933
3.974374771118164
5.12119722366333
-3.272873640060425
-3.272873640060425
2.473210334777832
0.42616790533065796
-0.5650315880775452
-2.2194249629974365
-1.8962076902389526
0.06703764945268631
-4.359841346740723
2.43011474609375
-6.133944511413574
-1.968033790588379
-0.028730420395731926
8.329427719116211
8.923189163208008
-0.31124621629714966
3.026270866394043
1.6567875146865845
-1.9752163887023926
-2.2840683460235596
1.4891934394836426
-2.3965959548950195
-0.028730420395731926
3.066972255706787
3.2345664501190186
-1.3670891523361206
1.6615759134292603
7.841010570526123
-1.821987509727478
-0.31364041566848755
-0.6416460275650024
1.436521053314209
-1.3455413579940796
0.4668693244457245
-0.5506663918495178
2.032677173614502
-0.8451532125473022
-1.422155737876892
7.886500358581543
-2.5091233253479004
-0.6153098344802856
1.4724340438842773
1.4844050407409668
-0.667982280254364
6.260837554931641
2.8203694820404053
3.4380736351013184
-0.3519476354122162
-3.0166940689086914
-0.3423708379268646
-2.449268341064453
1.1659761667251587
-0.1412578970193863
4.3406877517700195
1.039083480834961
3.560177803039551
-1.5275006294250488
-3.071760654449463
-1.5179238319396973
1.115697979927063
-1.0319008827209473
6.13873291015625
1.3670891523361206
1.3503297567367554
0.3280056416988373
0.3280056416988373
-4.563348293304443
-5.209782600402832
-1.501164436340332
0.45489832758903503
1.5849615335464478
-1.7812860012054443
-4.733336448669434
-0.5722141861915588
-0.5722141861915588
1.7932569980621338
8.219294548034668
-3.93367338180542
-3.93367338180542
-3.93367338180542
-1.699883222579956
1.4628572463989258
5.882553577423096
-6.1267619132995605
-2.5306711196899414
4.78122091293335
3.579331398010254
3.579331398010254
3.579331398010254
-6.8809356689453125
-0.9433154463768005
-6.777985095977783
-1.7046716213226318
8.118738174438477
8.83939266204834
-4.912901878356934
-5.049371242523193
5.106832027435303
3.4380736351013184
-4.90571928024292
3.9384617805480957
3.1220390796661377
-1.9632453918457031
-0.0694318488240242
0.8858546018600464
2.868253707885742
6.8593878746032715
3.268085241317749
3.8738183975219727
-2.5905261039733887
-3.292027235031128
7.364564418792725
5.183446407318115
-0.4572925269603729
-4.378994941711426
3.5721487998962402
2.964021682739258
2.2170307636260986
0.9481038451194763
0.9481038451194763
3.6391866207122803
-2.5546131134033203
-4.197035312652588
-3.6990416049957275
-3.6990416049957275
-2.341529130935669
-2.341529130935669
6.011840343475342
-2.497152328491211
-2.497152328491211
1.580173134803772
-3.8570587635040283
3.7660791873931885
2.719813108444214
1.4915876388549805
3.6750996112823486
-6.981492042541504
4.920084476470947
8.20732307434082
8.983044624328613
-0.6344634294509888
-2.188300371170044
11.587936401367188
-0.24899697303771973
-4.299986362457275
-4.299986362457275
-1.5849615335464478
0.023942016065120697
6.806715488433838
-3.998316764831543
-2.5091233253479004
-1.5873557329177856
0.15562310814857483
-0.40940847992897034
-2.0853495597839355
3.885789394378662
-3.251325845718384
-7.153874397277832
-6.2177414894104
-2.9712042808532715
-3.687070608139038
0.6272808313369751
7.4100542068481445
3.466804027557373
-6.708552837371826
2.1356279850006104
-1.2042834758758545
-1.8076221942901611
8.578424453735352
-0.7038952708244324
2.652775526046753
2.6240451335906982
-5.827486991882324
5.398924827575684
-1.9752163887023926
0.7182605266571045
5.781997203826904
-7.733271598815918
-4.663904666900635
-1.546654224395752
-1.546654224395752
-1.546654224395752
3.974374771118164
-3.7876269817352295
5.4228668212890625
3.557783603668213
-3.641580820083618
-3.641580820083618
-3.641580820083618
-3.641580820083618
-0.3495534360408783
-0.3495534360408783
-10.453083992004395
15.91665267944336
-2.537853717803955
5.231330394744873
2.212242364883423
-2.293645143508911
-2.1547815799713135
-2.027888774871826
3.4189200401306152
-2.456450939178467
-4.07014274597168
2.3080103397369385
-3.5889081954956055
-4.63517427444458
-3.023876667022705
3.220201253890991
7.819462776184082
-2.7246015071868896
2.7293899059295654
2.7293899059295654
-5.647921562194824
-8.219294548034668
4.474762916564941
2.233790159225464
7.2304887771606445
-4.790797710418701
3.9240965843200684
3.378218650817871
2.535459518432617
0.17238251864910126
0.8858546018600464
-2.123656988143921
4.673481464385986
-1.6112977266311646
1.2306196689605713
4.529829502105713
1.5969325304031372
1.5969325304031372
-13.747506141662598
-0.10295066982507706
-1.3623007535934448
0.9074024558067322
1.9153612852096558
2.9161376953125
3.2800562381744385
3.2800562381744385
5.492298603057861
5.492298603057861
-1.9847931861877441
2.695871114730835
-0.33997663855552673
5.513846397399902
-2.497152328491211
4.802768707275391
5.851428985595703
1.4867992401123047
0.3423708379268646
-1.8052279949188232
0.2322375625371933
5.714959144592285
-0.9289502501487732
-1.4389152526855469
0.31364041566848755
-11.082759857177734
-22.807165145874023
-12.653355598449707
11.863268852233887
1.2904746532440186
7.6303205490112305
7.948749542236328
2.164358377456665
-5.432443618774414
-5.432443618774414
-5.432443618774414
3.1052794456481934
2.0901379585266113
-7.316680431365967
-6.794744491577148
3.28963303565979
11.439495086669922
3.4739866256713867
-2.449268341064453
2.0183119773864746
-3.9240965843200684
0.591367781162262
4.812345504760742
-0.014365210197865963
-1.1276689767837524
0.33758243918418884
0.009576806798577309
-0.27054479718208313
0.08619125932455063
0.12689268589019775
0.09816227108240128
0.08858545869588852
0.1364694982767105
0.1364694982767105
0.1388636976480484
0.13407529890537262
0.13407529890537262
0.11971008032560349
0.12210428714752197
0.1388636976480484
0.1628057062625885