0.0
-128.02911376953125
-128.02911376953125
-127.3543930053711
-125.4989013671875
-125.4989013671875
-125.4989013671875
-125.3302230834961
-126.00494384765625
-126.00494384765625
-106.26923370361328
-106.26923370361328
-105.42582702636719
-105.42582702636719
-17.036813735961914
181.1637420654297
181.1637420654297
102.22087860107422
-90.2445068359375
-90.2445068359375
83.8346176147461
41.32692337036133
41.32692337036133
-122.12527465820312
-47.06208801269531
25.133516311645508
-148.9456024169922
-45.5439567565918
167.16319274902344
-218.4423065185547
-4.385714054107666
-4.385714054107666
-29.85659408569336
73.54505157470703
-192.63406372070312
-192.63406372070312
-99.85933685302734
-112.51043701171875
-226.5390167236328
-226.5390167236328
-219.62307739257812
-219.62307739257812
-196.51373291015625
-196.51373291015625
-230.08131408691406
-230.08131408691406
-233.62362670898438
-233.62362670898438
52.122528076171875
52.122528076171875
130.0532989501953
130.0532989501953
-39.47142791748047
-39.47142791748047
-21.422527313232422
-238.68406677246094
-238.68406677246094
-202.75494384765625
-202.75494384765625
-40.31483459472656
-40.31483459472656
-84.0032958984375
-84.0032958984375
-83.49725341796875
129.71592712402344
129.71592712402344
-37.61593246459961
-37.61593246459961
-224.51483154296875
-224.51483154296875
-227.88845825195312
-227.88845825195312
-145.5719757080078
-145.5719757080078
166.6571502685547
-42.67637252807617
128.36648559570312
128.36648559570312
96.31703186035156
-220.4664764404297
-220.4664764404297
-56.67692184448242
-56.67692184448242
-218.10494995117188
12.9884614944458
12.9884614944458
-83.1598892211914
-83.1598892211914
-233.45494079589844
-217.59890747070312
-217.59890747070312
-232.78021240234375
-232.78021240234375
182.68186950683594
182.68186950683594
193.3087921142578
-195.50164794921875
-128.36648559570312
168.34396362304688
168.34396362304688
-30.700000762939453
118.24560546875
118.24560546875
139.6681365966797
-25.30219841003418
-25.30219841003418
-170.03076171875
-170.03076171875
132.92088317871094
132.92088317871094
175.42857360839844
-56.002197265625
-56.002197265625
141.017578125
141.017578125
181.1637420654297
181.1637420654297
178.29615783691406
-103.40164947509766
-103.40164947509766
-153.33131408691406
-153.33131408691406
65.44834899902344
166.9945068359375
166.9945068359375
65.95439910888672
157.54835510253906
157.54835510253906
-33.56758117675781
-36.60384750366211
-36.60384750366211
-21.928571701049805
-21.928571701049805
141.017578125
-39.80879211425781
-39.80879211425781
-30.36263656616211
-226.87637329101562
-221.47857666015625
9.614834785461426
9.614834785461426
-46.04999923706055
-46.04999923706055
163.11483764648438
-6.0725274085998535
-6.0725274085998535
-6.0725274085998535
180.15164184570312
-65.44834899902344
155.86154174804688
175.2598876953125
175.2598876953125
-15.518681526184082
-15.518681526184082
149.45164489746094
149.45164489746094
116.22142791748047
116.72747039794922
116.72747039794922
-39.977474212646484
-39.977474212646484
193.14010620117188
-191.95933532714844
-191.95933532714844
-191.95933532714844
160.7532958984375
-3.5423076152801514
-3.5423076152801514
-216.7554931640625
123.13735961914062
168.85000610351562
146.07801818847656
146.07801818847656
-29.013187408447266
-29.013187408447266
92.43736267089844
92.43736267089844
-35.760440826416016
-15.350000381469727
183.69395446777344
-209.8395538330078
90.75054931640625
90.75054931640625
192.2967071533203
-8.602746963500977
-8.602746963500977
187.23626708984375
130.55934143066406
130.55934143066406
209.8395538330078
-7.590659141540527
-7.590659141540527
-214.7313232421875
-214.7313232421875
-174.75384521484375
-198.20054626464844
195.50164794921875
195.50164794921875
89.56977844238281
156.03021240234375
156.03021240234375
32.38681411743164
185.54945373535156
185.54945373535156
-83.1598892211914
-71.18351745605469
147.2587890625
147.2587890625
170.03076171875
170.03076171875
200.5620880126953
197.6945037841797
197.6945037841797
159.7412109375
159.7412109375
194.3208770751953
194.3208770751953
163.2835235595703
163.2835235595703
163.2835235595703
0.3373626470565796
0.3373626470565796
-171.38021850585938
-203.59835815429688
-203.59835815429688
-184.70603942871094
-198.5379180908203
-198.5379180908203
-94.79890441894531
-94.79890441894531
158.39175415039062
18.7236270904541
18.7236270904541
92.94340515136719
21.591209411621094
21.591209411621094
-170.03076171875
202.41758728027344
202.41758728027344
-156.87362670898438
-156.87362670898438
-211.5263671875
176.9467010498047
176.9467010498047
-210.5142822265625
58.36373519897461
58.36373519897461
-17.036813735961914
-183.5252685546875
-183.5252685546875
113.69120788574219
113.69120788574219
-33.06153869628906
-23.78406524658203
-184.1999969482422
-207.98406982421875
-207.98406982421875
4.385714054107666
158.56044006347656
158.56044006347656
-34.07362747192383
-34.07362747192383
-186.89889526367188
-86.36483764648438
-21.422527313232422
-203.59835815429688
-203.59835815429688
-41.32692337036133
-41.32692337036133
-33.736263275146484
-223.6714324951172
-223.6714324951172
184.87472534179688
-29.85659408569336
-14.506593704223633
-14.506593704223633
4.55439567565918
75.56922912597656
75.56922912597656
-44.7005500793457
-209.8395538330078
-209.8395538330078
14.00054931640625
14.00054931640625
-30.53131866455078
-30.53131866455078
-26.820329666137695
-26.820329666137695
-205.11648559570312
-205.11648559570312
186.0554962158203
-118.92032623291016
-118.92032623291016
191.79066467285156
191.79066467285156
122.63131713867188
122.63131713867188
-38.2906608581543
-38.2906608581543
-168.85000610351562
-168.85000610351562
101.54615020751953
101.54615020751953
-9.783516883850098
-9.783516883850098
-10.120879173278809
-10.120879173278809
-187.0675811767578
-6.747252941131592
-6.747252941131592
-19.22966957092285
-19.22966957092285
-61.400001525878906
180.65769958496094
180.65769958496094
-2.867582321166992
183.35659790039062
183.35659790039062
-201.40548706054688
-21.928571701049805
-21.928571701049805
180.65769958496094
180.65769958496094
131.90879821777344
131.90879821777344
180.99505615234375
-70.5087890625
-70.5087890625
161.25933837890625
-188.75439453125
-188.75439453125
-20.579120635986328
151.8131866455078
151.8131866455078
151.8131866455078
-192.2967071533203
114.36593627929688
114.36593627929688
114.36593627929688
-221.984619140625
-241.88900756835938
-241.88900756835938
-214.0565948486328
152.15054321289062
152.15054321289062
-224.17747497558594
-135.95713806152344
-135.95713806152344
-213.2131805419922
-213.2131805419922
-34.91703414916992
-199.88735961914062
-29.85659408569336
-29.85659408569336
-31.880769729614258
-36.097801208496094
84.17198181152344
84.17198181152344
27.326374053955078
156.1988983154297
156.1988983154297
98.67857360839844
102.38955688476562
102.38955688476562
102.8956069946289
102.8956069946289
115.88406372070312
115.88406372070312
-185.54945373535156
137.47528076171875
137.47528076171875
-32.72417449951172
-226.5390167236328
-226.5390167236328
-196.6824188232422
-211.1890106201172
-211.1890106201172
-26.651647567749023
-26.651647567749023
25.133516311645508
8.09670352935791
8.09670352935791
186.89889526367188
129.54725646972656
-233.45494079589844
-233.45494079589844
-28.844505310058594
-28.844505310058594
-85.015380859375
-85.015380859375
-221.984619140625
-221.984619140625
195.6703338623047
195.6703338623047
2.6989011764526367
-222.15328979492188
-190.778564453125
-227.71978759765625
-227.71978759765625
-211.86373901367188
141.6923065185547
141.6923065185547
-233.62362670898438
-242.0576934814453
-231.09339904785156
-25.30219841003418
-25.30219841003418
-25.133516311645508
-25.133516311645508
-19.22966957092285
169.18736267089844
169.18736267089844
130.89669799804688
15.181318283081055
160.24725341796875
50.60439682006836
50.60439682006836
-128.53517150878906
79.11154174804688
-235.31044006347656
-235.31044006347656
-190.94725036621094
-190.94725036621094
-28.33846092224121
123.98076629638672
123.98076629638672
92.26868438720703
166.9945068359375
85.8587875366211
85.8587875366211
15.181318283081055
15.181318283081055
185.38076782226562
-12.145054817199707
24.121429443359375
24.121429443359375
176.9467010498047
-55.83351516723633
-162.10275268554688
-162.10275268554688
-9.783516883850098
-9.783516883850098
-21.25384521484375
-19.735713958740234
168.6813201904297
-171.21153259277344
-171.21153259277344
167.16319274902344
-136.63186645507812
-136.63186645507812
162.27142333984375
128.1977996826172
128.1977996826172
-207.30934143066406
-9.783516883850098
-9.783516883850098
-188.92308044433594
197.019775390625
197.019775390625
0.1686813235282898
174.07911682128906
174.07911682128906
-190.60989379882812
-201.40548706054688
-201.40548706054688
-17.374176025390625
-17.374176025390625
-0.6747252941131592
161.59671020507812
161.59671020507812
192.2967071533203
3.710988998413086
3.710988998413086
-58.869781494140625
-58.869781494140625
-211.02032470703125
-25.80824089050293
-25.80824089050293
-165.13900756835938
-165.13900756835938
-182.00714111328125
-182.00714111328125
-200.05604553222656
-200.05604553222656
153.8373565673828
-166.82582092285156
-166.82582092285156
-209.33351135253906
171.5489044189453
171.5489044189453
205.7912139892578
-213.71923828125
-213.71923828125
12.145054817199707
12.145054817199707
205.45384216308594
205.45384216308594
-204.61044311523438
-204.61044311523438
-210.68296813964844
-206.12857055664062
-173.06703186035156
-198.5379180908203
-198.5379180908203
141.86099243164062
-15.181318283081055
-15.181318283081055
195.16429138183594
-7.590659141540527
-8.602746963500977
-8.602746963500977
-19.398351669311523
-33.398902893066406
-33.398902893066406
-45.03791046142578
-193.81483459472656
-193.81483459472656
-211.35769653320312
164.80165100097656
164.80165100097656
-18.89230728149414
-18.89230728149414
-38.79670333862305
14.337912559509277
14.337912559509277
54.14670181274414
165.47637939453125
165.47637939453125
167.16319274902344
167.16319274902344
24.627471923828125
22.940658569335938
22.940658569335938
165.982421875
165.982421875
125.4989013671875
-18.048900604248047
-18.048900604248047
2.3615384101867676
65.95439910888672
-194.82691955566406
156.03021240234375
156.03021240234375
66.62911987304688
66.62911987304688
32.38681411743164
32.38681411743164
-4.723076820373535
160.58460998535156
160.58460998535156
-13.831868171691895
-13.831868171691895
172.89834594726562
-125.6675796508789
-125.6675796508789
-88.22032928466797
-183.1879119873047
-183.1879119873047
75.9065933227539
75.9065933227539
136.80055236816406
-112.17308044433594
-112.17308044433594
-179.4769287109375
-179.4769287109375
-244.25054931640625
-244.25054931640625
-35.591758728027344
-235.4791259765625
-235.4791259765625
-27.66373634338379
-67.97856903076172
-67.97856903076172
-18.21758270263672
-216.24945068359375
-49.92966842651367
-234.12966918945312
-234.12966918945312
-35.591758728027344
-129.37857055664062
-119.0890121459961
-119.0890121459961
110.1489028930664
110.1489028930664
-179.30824279785156
-179.30824279785156
130.0532989501953
-221.64724731445312
-221.64724731445312
157.71702575683594
-28.0010986328125
-28.0010986328125
-10.289560317993164
155.01812744140625
155.01812744140625
-226.20164489746094
-205.28517150878906
-180.8263702392578
-180.8263702392578
-193.9835205078125
142.87307739257812
142.87307739257812
-43.68846130371094
-40.14615249633789
-30.19395637512207
-71.52088165283203
-164.4642791748047
-164.4642791748047
121.45054626464844
-49.92966842651367
-170.87417602539062
-200.39340209960938
-37.27857208251953
-190.27252197265625
-235.8164825439453
189.26043701171875
189.26043701171875
-75.40055084228516
-75.40055084228516
147.42747497558594
137.81263732910156
127.52307891845703
-59.54450607299805
-217.767578125
-15.856043815612793
135.4510955810547
135.4510955810547
-61.400001525878906
-129.71592712402344
154.68077087402344
-171.21153259277344
-171.21153259277344
-171.21153259277344
64.26758575439453
-25.133516311645508
-213.88790893554688
-164.4642791748047
-164.4642791748047
-33.736263275146484
-56.67692184448242
-56.67692184448242
-104.41373443603516
-205.7912139892578
-205.7912139892578
-65.78571319580078
-65.78571319580078
-23.44670295715332
194.6582489013672
194.6582489013672
175.42857360839844
95.81098937988281
95.81098937988281
-182.1758270263672
-182.1758270263672
141.35494995117188
-120.1010971069336
-120.1010971069336
-56.339561462402344
158.39175415039062
158.39175415039062
64.94230651855469
134.4390106201172
-174.9225311279297
-174.9225311279297
196.17637634277344
76.75
-170.87417602539062
-170.87417602539062
168.006591796875
-10.626922607421875
-10.626922607421875
-191.79066467285156
-191.79066467285156
-194.82691955566406
27.495054244995117
27.495054244995117
-147.09010314941406
-147.09010314941406
155.69285583496094
155.69285583496094
57.18296813964844
-9.952198028564453
-12.9884614944458
-12.9884614944458
-139.83680725097656
-139.83680725097656
-152.99395751953125
-60.72527313232422
-166.3197784423828
-166.3197784423828
-84.67802429199219
-84.67802429199219
-125.83626556396484
65.11099243164062
-46.89340591430664
-46.89340591430664
-208.8274688720703
170.03076171875
170.03076171875
-59.881866455078125
-8.265384674072266
-213.2131805419922
-213.2131805419922
79.28022003173828
79.28022003173828
160.7532958984375
181.5010986328125
181.5010986328125
-30.868680953979492
-30.868680953979492
-84.8467025756836
-11.807692527770996
-11.807692527770996
-17.711538314819336
130.0532989501953
130.0532989501953
-172.5609893798828
60.55659484863281
60.55659484863281
-181.5010986328125
-181.5010986328125
-219.96043395996094
-176.60934448242188
-81.81044006347656
26.314285278320312
26.314285278320312
-210.00823974609375
-18.55494499206543
-158.0543975830078
-158.0543975830078
-213.55055236816406
-28.33846092224121
-30.0252742767334
-30.0252742767334
-99.52198028564453
-99.52198028564453
-163.95823669433594
-74.8945083618164
-181.8384552001953
-181.8384552001953
145.74066162109375
-139.3307647705078
172.39230346679688
172.39230346679688
99.69065856933594
-78.77417755126953
-213.55055236816406
-213.55055236816406
167.16319274902344
167.16319274902344
-174.41648864746094
180.489013671875
180.489013671875
147.59616088867188
147.59616088867188
-137.9813232421875
-137.9813232421875
-185.0434112548828
158.22308349609375
-154.1747283935547
-154.1747283935547
-55.49615478515625
-55.49615478515625
188.58570861816406
-108.63076782226562
-108.63076782226562
180.99505615234375
-211.69505310058594
65.78571319580078
30.700000762939453
30.700000762939453
-219.79176330566406
-42.5076904296875
-42.5076904296875
139.49945068359375
-31.543407440185547
-31.543407440185547
57.520328521728516
62.58076858520508
62.58076858520508
63.2554931640625
62.58076858520508
-254.5401153564453
-254.5401153564453
-51.61648178100586
87.54560089111328
87.54560089111328
161.4280242919922
162.27142333984375
161.4280242919922
161.4280242919922
163.95823669433594
164.2956085205078
164.4642791748047
164.4642791748047
163.95823669433594
162.4401092529297
162.4401092529297
