0.0
-0.0
-0.0
-0.0
-0.0
-0.0
-0.0
-0.0
-0.0
-0.0
-0.0
-0.0
-0.0
-0.0
-0.0
0.05098330229520798
0.0779796913266182
0.06298563629388809
0.06298563629388809
0.05998505279421806
0.05998505279421806
0.06298563629388809
0.05998505279421806
0.06298563629388809
0.05998505279421806
0.06298563629388809
0.06298563629388809
0.06298563629388809
0.06298563629388809
0.08097139000892639
0.09597431123256683
0.0929737240076065
0.09597431123256683
0.11696065217256546
0.13795585930347443
0.07197851687669754
0.06298563629388809
0.06298563629388809
0.06298563629388809
0.1349552720785141
0.1349552720785141
0.1349552720785141
0.1349552720785141
0.13195469975471497
0.13195469975471497
0.1349552720785141
0.1349552720785141
0.05998505279421806
-0.0
-0.2878963053226471
-0.0
-0.0
-0.0
0.27890342473983765
0.2908880114555359
-0.0
-0.0
-0.0
-0.2908880114555359
-0.2908880114555359
-0.0
-0.0
-0.06596846878528595
-0.12295293807983398
-0.0
-0.0569755919277668
-0.13494640588760376
-0.11695177108049393
-0.1139511838555336
-0.14994044601917267
-0.1379469931125641
-0.0
0.012002337723970413
0.00900175329297781
0.020995214581489563
0.012002337723970413
-0.0
-0.0
0.0389898456633091
0.04799159616231918
-0.0
0.015002922154963017
0.012002337723970413
0.0030005844309926033
0.03298867493867874
0.05998505279421806
0.056984469294548035
0.056984469294548035
0.08697255700826645
0.053983885794878006
0.02699638158082962
0.09597431123256683
0.10796777158975601
0.14395703375339508
0.14694873988628387
0.14395703375339508
0.14095644652843475
0.05098330229520798
-0.0
-0.0
-0.0
-0.0
-0.0
0.015002922154963017
0.07497909665107727
0.07497909665107727
0.07497909665107727
0.09597431123256683
0.12596239149570465
0.12596239149570465
0.11096835881471634
0.0929737240076065
0.0929737240076065
0.07497909665107727
0.07197851687669754
0.07497909665107727
0.07497909665107727
0.07497909665107727
0.07497909665107727
0.07497909665107727
0.07497909665107727
0.07497909665107727
0.07497909665107727
0.07497909665107727
0.07497909665107727
0.06897792965173721
0.06897792965173721
0.06597734987735748
0.05998505279421806
0.056984469294548035
0.04799159616231918
-0.0
0.020995214581489563
0.07497909665107727
0.09597431123256683
0.09896601736545563
0.09896601736545563
0.09597431123256683
0.10196660459041595
0.09896601736545563
0.0929737240076065
0.08097139000892639
0.07197851687669754
0.07197851687669754
0.06897792965173721
0.07197851687669754
0.07197851687669754
-0.0
-0.0
-0.0
-0.0
-0.0
-0.038980960845947266
-0.0
-0.0
-0.0
-0.0
-0.0
-0.0
-0.0
-0.0
-0.0
-0.0
-0.0
-0.0
-0.0
-0.0
-0.0
-0.0
-0.0
-0.0
-0.0
-0.0
-0.0
-0.0
-0.0
-0.0
-0.0
0.044991012662649155
0.04799159616231918
0.04799159616231918
0.04799159616231918
0.04799159616231918
0.04799159616231918
0.04799159616231918
0.04799159616231918
0.04799159616231918
0.04799159616231918
0.04799159616231918
0.04799159616231918
0.04799159616231918
0.04799159616231918
0.04799159616231918
0.04799159616231918
0.053983885794878006
0.12596239149570465
0.16494335234165192
0.16494335234165192
0.14095644652843475
0.10796777158975601
0.11096835881471634
0.012002337723970413
0.012002337723970413
0.02399579808115959
0.09597431123256683
0.16494335234165192
0.188939169049263
0.22192783653736115
0.12596239149570465
0.05098330229520798
0.03298867493867874
0.14395703375339508
0.14095644652843475
0.13795585930347443
-0.0
-0.0
-0.0
-0.0
-0.0
-0.0
-0.06297676265239716
-0.0
-0.0
-0.0
-0.0
-0.0
-0.0
-0.0
-0.0
-0.0
-0.0
-0.0
-0.0
-0.0
-0.0
-0.0
0.281904011964798
0.1499493271112442
-0.0
-0.0
-0.0
-0.0
-0.0
-0.0
-0.0
-0.12295293807983398
-0.0
-0.0
-0.0
-0.0
-0.0
-0.0
-0.0
-0.0
-0.0
-0.0
-0.0
-0.0
-0.0
-0.0
-0.0
0.14095644652843475
0.20093262195587158
-0.0
-0.0
-0.0
-0.0
-0.0
-0.0
-0.0
-0.0
-0.0
0.2908880114555359
0.2908880114555359
0.2908880114555359
0.2459147572517395
-0.0
-0.0
-0.0
0.2699105441570282
0.2908880114555359
0.21292608976364136
-0.0
-0.0
-0.0
-0.0
0.2908880114555359
0.2908880114555359
0.26690998673439026
-0.0
-0.0
0.2908880114555359
0.24891534447669983
0.2039332091808319
-0.0
-0.0
-0.0
-0.0
-0.0
0.02399579808115959
0.0929737240076065
-0.0
-0.0
-0.0
-0.0
-0.0
-0.0
-0.0
-0.0
-0.0
-0.0
-0.0
-0.0
-0.0
-0.0
-0.0
-0.0
0.03298867493867874
0.0779796913266182
0.08397197723388672
0.08397197723388672
0.08397197723388672
0.07497909665107727
0.07497909665107727
0.07497909665107727
0.07497909665107727
0.07497909665107727
0.07497909665107727
0.07497909665107727
0.07497909665107727
0.0779796913266182
0.11396006494760513
0.11396006494760513
0.11396006494760513
0.11096835881471634
0.11096835881471634
0.08397197723388672
0.08697255700826645
0.08697255700826645
0.08697255700826645
0.08697255700826645
0.08697255700826645
0.08697255700826645
0.08397197723388672
0.06298563629388809
0.056984469294548035
-0.0
-0.0
-0.03297979384660721
-0.14394815266132355
-0.0
-0.0
-0.0
-0.0
-0.0
-0.026987504214048386
-0.029988087713718414
-0.05097442492842674
-0.07497022300958633
-0.07797080278396606
-0.07797080278396606
-0.08996427059173584
-0.0959654375910759
-0.0959654375910759
-0.0959654375910759
-0.08096251636743546
-0.026987504214048386
-0.0
-0.0
-0.0
-0.0
-0.0
-0.0
-0.0
-0.0
-0.0
-0.0
-0.0
-0.0
0.020995214581489563
0.1499493271112442
0.158951073884964
0.11996123194694519
0.09597431123256683
0.02999696508049965
0.0030005844309926033
0.0030005844309926033
0.0030005844309926033
0.06298563629388809
0.06298563629388809
0.06298563629388809
0.10496719181537628
0.10496719181537628
0.1349552720785141
0.19793203473091125
0.20093262195587158
0.19493144750595093
0.13195469975471497
0.05998505279421806
0.020995214581489563
0.020995214581489563
0.02399579808115959
0.0389898456633091
0.07497909665107727
0.07497909665107727
0.07497909665107727
0.07497909665107727
0.07197851687669754
0.06597734987735748
0.06597734987735748
0.06597734987735748
0.06597734987735748
0.06597734987735748
0.06597734987735748
0.06597734987735748
0.06597734987735748
0.06897792965173721
0.06897792965173721
0.06897792965173721
0.06597734987735748
0.06897792965173721
0.06897792965173721
0.06897792965173721
0.06897792965173721
0.06897792965173721
0.06897792965173721
0.06897792965173721
0.06897792965173721
0.05998505279421806
0.02399579808115959
-0.0
-0.0
-0.0
-0.0
-0.0
-0.0
-0.0
-0.0
-0.0
-0.0
-0.0
-0.06596846878528595
-0.05997617542743683
-0.0
-0.0
-0.0
-0.0
-0.0
-0.0
-0.0
-0.0
-0.0
-0.0
-0.0
-0.0
-0.0
-0.0
-0.0
-0.0
0.05998505279421806
0.09896601736545563
0.10196660459041595
0.10196660459041595
0.0929737240076065
0.07197851687669754
0.07197851687669754
0.07497909665107727
0.07497909665107727
0.07497909665107727
0.0929737240076065
0.0929737240076065
0.09597431123256683
0.17694570124149323
0.281904011964798
0.2908880114555359
0.2908880114555359
0.2908880114555359
0.2908880114555359
0.2908880114555359
0.2908880114555359
-0.0
-0.2908880114555359
-0.2908880114555359
-0.24290530383586884
-0.0
0.017994629219174385
-0.1139511838555336
-0.0
-0.0
0.2699105441570282
0.2908880114555359
0.2908880114555359
0.2908880114555359
-0.0
-0.0
-0.0
-0.2908880114555359
-0.0
-0.0
-0.0
-0.2908880114555359
-0.0
-0.0
-0.1529410183429718
-0.0
-0.0
-0.0
0.2908880114555359
0.2908880114555359
-0.0
-0.0
-0.0
-0.0
-0.0
-0.0
-0.0
-0.0
-0.2878963053226471
-0.0
-0.0
-0.0
-0.0
-0.0
-0.0
-0.0
-0.05097442492842674
-0.0
-0.0
-0.0
0.06897792965173721
0.27890342473983765
0.23392130434513092
0.2039332091808319
0.0779796913266182
0.053983885794878006
0.08697255700826645
0.16494335234165192
0.16494335234165192
0.12896297872066498
0.04799159616231918
-0.0
-0.0
-0.0
0.19793203473091125
0.2039332091808319
0.07197851687669754
0.07497909665107727
0.20993438363075256
0.07497909665107727
0.05998505279421806
0.06298563629388809
0.05998505279421806
0.05998505279421806
0.05998505279421806
0.0929737240076065
0.0929737240076065
0.0929737240076065
0.09597431123256683
0.11396006494760513
0.17094454169273376
0.17094454169273376
0.17094454169273376
0.17094454169273376
0.13795585930347443
0.07197851687669754
0.06298563629388809
0.05998505279421806
-0.0
-0.0
-0.0
-0.0
-0.0
-0.0
0.08097139000892639
0.05998505279421806
0.017994629219174385
0.017994629219174385
-0.0
-0.0
-0.07797080278396606
-0.0
-0.0
-0.0
-0.0
-0.0
-0.0
-0.0
0.18593856692314148
-0.0
-0.0
0.20093262195587158
0.20093262195587158
-0.0
-0.0
-0.0
-0.0
-0.0
-0.0
-0.0
0.24291418492794037
0.24891534447669983
0.18593856692314148
0.2908880114555359
0.2908880114555359
0.015002922154963017
-0.0
-0.0
-0.0
-0.0
-0.0
0.18293799459934235
0.1499493271112442
-0.0
-0.0
-0.0
-0.0
-0.0
-0.0
-0.26990166306495667
-0.0
-0.0
-0.263900488615036
-0.0
-0.0
-0.1379469931125641
-0.0
-0.0
-0.0
-0.25490763783454895
-0.0
-0.0
-0.0
-0.0
0.06597734987735748
-0.0
-0.0
0.00900175329297781
0.2699105441570282
-0.0
0.07497909665107727
0.06897792965173721
-0.0
0.2908880114555359
0.2908880114555359
0.26690998673439026
0.12296181917190552
-0.0
-0.0
-0.0
-0.0
0.19493144750595093
0.18293799459934235
0.09597431123256683
0.0779796913266182
-0.0
-0.0
-0.0
-0.0
-0.0
-0.0
0.14395703375339508
0.2908880114555359
0.2309207022190094
-0.0
-0.0
-0.0
-0.0
0.21892724931240082
0.2908880114555359
-0.0
-0.0
-0.0
-0.035980381071567535
-0.1139511838555336
-0.0
-0.05997617542743683
-0.0
-0.0
-0.0
-0.0
-0.0
-0.0
-0.0
-0.0
-0.0
-0.0
-0.0
0.09896601736545563
0.12296181917190552
0.12596239149570465
0.11096835881471634
0.006001168861985207
-0.0
0.20093262195587158
0.2908880114555359
-0.0
-0.0
0.2908880114555359
0.18593856692314148
-0.0
0.18593856692314148
0.2908880114555359
0.2908880114555359
0.2908880114555359
-0.0
-0.005992291495203972
-0.16493448615074158
-0.2489064633846283
-0.0
-0.0
0.17993740737438202
0.25191593170166016
-0.0
-0.0
-0.0
-0.0
-0.026987504214048386
-0.0
-0.0
-0.0
-0.09296485036611557
-0.0
-0.0
-0.0
-0.0
-0.0
-0.0
-0.0
-0.0
-0.0
-0.0
-0.0
-0.0
-0.0
-0.0
-0.0
-0.0
-0.0
-0.0
-0.0
-0.0
-0.0
-0.0
-0.0
0.05998505279421806
0.17694570124149323
-0.0
-0.0
-0.0
0.056984469294548035
0.06597734987735748
0.06597734987735748
0.08397197723388672
0.08697255700826645
0.08697255700826645
0.08997314423322678
0.08997314423322678
0.08697255700826645
0.08697255700826645
0.10496719181537628
0.1349552720785141
0.1349552720785141
0.12596239149570465
0.12596239149570465
0.12596239149570465
0.12596239149570465
0.12596239149570465
0.08697255700826645
0.08697255700826645
-0.0
-0.0
-0.0
-0.0
-0.0
-0.0
-0.0
-0.0
0.188939169049263
-0.0
-0.0
-0.0
-0.0
-0.0
-0.0
0.2908880114555359
0.2908880114555359
-0.0
-0.0
0.2908880114555359
-0.0
-0.0
0.23992246389389038
0.2908880114555359
0.2908880114555359
0.2908880114555359
0.02399579808115959
-0.0
-0.0
-0.0
-0.0
-0.0
-0.0
-0.0
-0.0
-0.0
-0.0
-0.0
-0.0
-0.0
-0.0
-0.0
-0.0
-0.0