2.2480030059814453
2.2653374671936035
2.2769649028778076
2.294198751449585
2.3057007789611816
2.317079544067383
2.3229637145996094
2.334401845932007
2.3402836322784424
2.3517231941223145
2.368459463119507
2.368459463119507
2.3831627368927
2.392176389694214
2.4005303382873535
2.4072694778442383
2.4130845069885254
2.4139394760131836
2.417126178741455
2.4223928451538086
2.430896520614624
2.4336485862731934
2.4394400119781494
2.4436075687408447
2.4484376907348633
2.449944019317627
2.4550061225891113
2.456214666366577
2.4596056938171387
2.462883949279785
2.4613037109375
2.460357427597046
2.4567606449127197
2.456481695175171
2.4566335678100586
2.456632614135742
2.4636690616607666
2.4696426391601562
2.4701220989227295
2.4748451709747314
2.4787323474884033
2.4824562072753906
2.484429121017456
2.486337661743164
2.4791481494903564
2.468425989151001
2.4590117931365967
2.4493300914764404
2.4390861988067627
2.4188449382781982
2.4058544635772705
2.3996493816375732
2.385159730911255
2.3762459754943848
2.3648321628570557
2.346158504486084
2.3245911598205566
2.3003714084625244
2.272260904312134
2.2366487979888916
2.208778142929077
2.1574201583862305
2.1406290531158447
2.093981981277466
2.0416388511657715
1.9839709997177124
1.9653552770614624
1.921571135520935
1.899857759475708
1.8936066627502441
1.9152055978775024
1.955862283706665
1.9848148822784424
1.9917206764221191
1.9917206764221191
2.010826587677002
2.023455858230591
2.0387980937957764
2.0475831031799316
2.0625178813934326
2.05859637260437
2.032735586166382
2.028254985809326
2.032414197921753
2.035104513168335
2.0384700298309326
2.0465893745422363
2.0395209789276123
2.025113821029663
2.0231685638427734
2.0253024101257324
2.032409906387329
2.08624005317688
2.1797187328338623
2.233001470565796
2.2472641468048096
2.2588000297546387
2.251843214035034
2.2237563133239746
2.2267489433288574
2.222768545150757
2.230846405029297
2.2344589233398438
2.280813694000244
2.2891461849212646
2.304469108581543
2.326859951019287
2.3420369625091553
2.3514082431793213
2.3680648803710938
2.3754191398620605
2.3748600482940674
2.3547537326812744
2.3588829040527344
2.3647921085357666
2.369734764099121
2.375525712966919
2.380405902862549
2.3869645595550537
2.396510362625122
2.40700626373291
2.4114577770233154
2.412548303604126
2.404561996459961
2.410785675048828
2.4159317016601562
2.419783115386963
2.392956495285034
2.3496265411376953
2.2807090282440186
2.27091383934021
2.21028733253479
2.158662796020508
2.1058781147003174
2.0615856647491455
2.0273284912109375
1.9866666793823242
1.9401776790618896
1.9034597873687744
1.8714247941970825
1.8649612665176392
1.86809241771698
1.8752018213272095
1.877545952796936
1.8848209381103516
1.895452857017517
1.8990892171859741
1.9006863832473755
1.9103161096572876
1.919926643371582
1.943769931793213
1.9736143350601196
2.0134997367858887
2.025942325592041
2.0315840244293213
2.046618938446045
2.063689947128296
2.0717968940734863
2.088247776031494
2.1041176319122314
2.1217269897460938
2.1306169033050537
2.1158809661865234
2.1050901412963867
2.107753276824951
2.1191861629486084
2.132681131362915
2.1431028842926025
2.1801278591156006
2.226743221282959
2.2493560314178467
2.260519504547119
2.2689809799194336
2.256460189819336
2.238208293914795
2.243685483932495
2.2465901374816895
2.259019374847412
2.26896333694458
2.272148370742798
2.2777833938598633
2.2852351665496826
2.3001246452331543
2.315972089767456
2.3047423362731934
2.289743661880493
2.258812665939331
2.2369041442871094
2.2167108058929443
2.2017626762390137
2.185621500015259
2.1866629123687744
2.1685729026794434
2.154355525970459
2.155881404876709
2.1629207134246826
2.171541690826416
2.1835408210754395
2.1886539459228516
2.1682164669036865
2.1461033821105957
2.151209592819214
2.1676061153411865
2.16900897026062
2.1473236083984375
2.116783618927002
2.0968494415283203
2.096778631210327
2.0753560066223145
2.051196575164795
2.018217086791992
1.9976249933242798
1.9825456142425537
1.9624567031860352
1.9425032138824463
1.938102126121521
1.9503883123397827
1.9551528692245483
1.9684512615203857
1.9648387432098389
1.9715938568115234
1.9847397804260254
2.0073983669281006
1.9994398355484009
1.9884482622146606
1.9986672401428223
1.9977067708969116
2.011692523956299
2.012260675430298
2.0207602977752686
2.0396881103515625
2.0541722774505615
2.0690951347351074
2.0813117027282715
2.088425397872925
2.1196184158325195
2.1336612701416016
2.168663501739502
2.2034263610839844
2.2383060455322266
2.2856357097625732
2.332428455352783
2.3586981296539307
2.4082980155944824
2.476486921310425
2.516078472137451
2.5727293491363525
2.600754499435425
2.643638849258423
2.643638849258423
2.7092320919036865
2.762619972229004
2.79313063621521
2.8437044620513916
2.872411012649536
2.8998570442199707
2.9093682765960693
2.9039204120635986
2.8776843547821045
2.8572661876678467
2.8308534622192383
2.806873321533203
2.7824625968933105
2.764735460281372
2.762803792953491
2.714195966720581
2.6830499172210693
2.6830499172210693
2.632512092590332
2.6371498107910156
2.6379125118255615
2.6379125118255615
2.650036573410034
2.640104055404663
2.6271541118621826
2.6267759799957275
2.6041553020477295
2.5853540897369385
2.524078130722046
2.5187788009643555
2.4806289672851562
2.4493958950042725
2.4241533279418945
2.4163100719451904
2.4247806072235107
2.4319465160369873
2.4417755603790283
2.448366165161133
2.4518847465515137
2.4647607803344727
2.4749369621276855
2.4825198650360107
2.4877493381500244
2.491154909133911
2.5055172443389893
2.5140106678009033
2.5202152729034424
2.5279035568237305
2.5269999504089355
2.5333378314971924
2.5423567295074463
2.5478010177612305
2.5532805919647217
2.5580525398254395
2.5707449913024902
2.573894739151001
2.5780820846557617
2.587650775909424
2.587650775909424
2.591963768005371
2.6061103343963623
2.609147310256958
2.611877918243408
2.5981786251068115
2.5785012245178223
2.5535964965820312
2.534611940383911
2.518359899520874
2.518359899520874
2.4845008850097656
2.466878890991211
2.448568105697632
2.430877447128296
2.413215160369873
2.4038846492767334
2.379688262939453
2.3536174297332764
2.3312082290649414
2.3040757179260254
2.3016579151153564
2.2698309421539307
2.2408933639526367
2.24015212059021
2.2416017055511475
2.245842695236206
2.245842695236206
2.2542686462402344
2.259364128112793
2.2629005908966064
2.2684433460235596
2.2801685333251953
2.2826650142669678
2.285693883895874
2.2913100719451904
2.2950923442840576
2.307076930999756
2.307076930999756
2.3353612422943115
2.3411166667938232
2.3488903045654297
2.358926773071289
2.3659250736236572
2.3680124282836914
2.3718957901000977
2.3970437049865723
2.4029324054718018
2.416062831878662
2.433905839920044
2.459245204925537
2.469446897506714
2.486926555633545
2.502470016479492
2.510831117630005
2.5220391750335693
2.544281005859375
2.552597999572754
2.5701441764831543
2.5835137367248535
2.591298818588257
2.603006362915039
2.608273983001709
2.630007266998291
2.6380209922790527
2.656599998474121
2.6661832332611084
2.6750810146331787
2.6843340396881104
2.7097649574279785
2.746572971343994
2.7641654014587402
2.77286434173584
2.7912399768829346
2.810739278793335
2.8206193447113037
2.830562114715576
2.8411717414855957
2.855393409729004
2.8381407260894775
2.82253360748291
2.8017146587371826
2.787310838699341
2.774724245071411
2.7609450817108154
2.74607253074646
2.728156566619873
2.7191643714904785
2.6991453170776367
2.6784114837646484
2.656334161758423
2.615784168243408
2.5856821537017822
2.5547995567321777
2.523864507675171
2.500092029571533
2.4722726345062256
2.4451749324798584
2.415679454803467
2.386242151260376
2.386242151260376
2.386242151260376
2.386242151260376
2.386242151260376
2.3877694606781006
2.3877694606781006
2.3877694606781006
2.3877694606781006
2.3877694606781006
2.4063732624053955
2.411384344100952
2.4198949337005615
2.4246346950531006
2.430784225463867
2.4296820163726807
2.4221599102020264
2.413928747177124
2.413928747177124
2.406249523162842
2.4067962169647217
2.4114224910736084
2.4277212619781494
2.436720848083496
2.4460537433624268
2.4524435997009277
2.458451509475708
2.458451509475708
2.4692609310150146
2.475423812866211
2.5076305866241455
2.523622512817383
2.538555145263672
2.5469908714294434
2.5594358444213867
2.585437297821045
2.599168539047241
2.643740177154541
2.7636330127716064
2.8138139247894287
2.821370840072632
2.8224599361419678
2.8101918697357178
2.7735140323638916
2.746274709701538
2.7152111530303955
2.6494626998901367
2.6405839920043945
2.593883514404297
2.551419973373413
2.5066213607788086
2.4624953269958496
2.4196109771728516
2.388840913772583
2.3636631965637207
2.3811376094818115
2.4582417011260986
2.525989294052124
2.542405128479004
2.5421335697174072
2.51106858253479
2.477973222732544
2.457254409790039
2.46152925491333
2.45671010017395
2.4209537506103516
2.3709585666656494
2.3405706882476807
2.320378065109253
2.3161118030548096
2.2873475551605225
2.2462284564971924
2.2377727031707764
2.2414700984954834
2.2424023151397705
2.208587646484375
2.1909801959991455
2.2031469345092773
2.1661088466644287
2.124915361404419
2.079033613204956
2.043623447418213
2.000600576400757
2.0017974376678467
2.0017974376678467
2.1541287899017334
2.2587153911590576
2.2587153911590576
2.256701946258545
2.2194628715515137
2.1760365962982178
2.167818307876587
2.149029493331909
2.270343780517578
2.353361129760742
2.38089919090271
2.3875715732574463
2.394252061843872
2.4016668796539307
2.4170188903808594
2.551708698272705
2.5882699489593506
2.598360538482666
2.6656007766723633
2.7800140380859375
2.7804055213928223
2.7671666145324707
2.736198663711548
2.69480299949646
2.6113009452819824
2.576629877090454
2.5256118774414062
2.467216968536377
2.383052110671997
2.3320188522338867
2.3207437992095947
2.2605831623077393
2.241997718811035
2.2385332584381104
2.204821825027466
2.204786777496338
2.2090611457824707
2.207850694656372
2.2091829776763916
2.20697021484375
2.1590118408203125
2.1050314903259277
2.0531277656555176
2.0131726264953613
1.9889140129089355
2.016268730163574
2.1215755939483643
2.1559360027313232
2.168757677078247
2.199786901473999
2.2351794242858887
2.2479522228240967
2.27325177192688
2.278759241104126
2.287166118621826
2.304642677307129
2.3133351802825928
2.324310302734375
2.3403940200805664
2.342862367630005
2.2942004203796387
2.235252618789673
2.1611764430999756
2.0700793266296387
2.0700793266296387
1.9445611238479614
1.9495463371276855
1.9405750036239624
1.892166018486023
1.8258423805236816
1.769435167312622
1.7095410823822021
1.6696134805679321
1.6507352590560913
1.6457328796386719
1.648866891860962
1.6514087915420532
1.6612108945846558
1.6612108945846558
1.729617953300476
1.7499608993530273
1.7499608993530273
1.776797890663147
1.776797890663147
1.776797890663147
1.7809935808181763
1.7895288467407227
1.798890233039856
1.798890233039856
1.798890233039856
1.8202884197235107
1.8363157510757446
1.8371140956878662
1.826859474182129
1.7823840379714966
1.7744290828704834
1.7703275680541992
1.7621508836746216
1.7673661708831787
1.7717833518981934
1.775580644607544
1.78079354763031
1.7835839986801147
1.7788872718811035
1.7762041091918945
1.7794240713119507
1.7980514764785767
1.8141026496887207
1.8596357107162476
1.8684237003326416
1.8746068477630615
1.8861885070800781
1.8918983936309814
1.9040710926055908
1.915954828262329
1.9218982458114624
1.9281202554702759
1.9342460632324219
1.9463189840316772
1.95211660861969
1.964016079902649
1.9748066663742065
1.9810179471969604
1.9944461584091187
2.0070152282714844
2.0274176597595215
2.030120372772217
2.024949073791504
2.018101930618286
2.002330780029297
1.974247694015503
1.9560678005218506
1.9320144653320312
1.8965657949447632
1.8495382070541382
1.8025429248809814
1.7714087963104248
1.7386964559555054
1.7361844778060913
1.7158795595169067
1.6978797912597656
1.6642534732818604
1.6481611728668213
1.6238197088241577
1.6030317544937134
1.5803812742233276
1.5573314428329468
1.5308064222335815
1.5053365230560303
1.493140459060669
1.4915629625320435
1.4956154823303223
1.496179223060608
1.5019408464431763
1.5063021183013916
1.5062872171401978
1.5087319612503052
1.5099736452102661
1.5108466148376465
1.5143376588821411
1.5105719566345215
1.5173633098602295
1.51179838180542
1.5107382535934448
1.5538127422332764
1.5722615718841553
1.576460838317871
1.58097243309021
1.5896494388580322
1.5949288606643677
1.5700385570526123
1.561122179031372
1.5591614246368408
1.5609228610992432
1.564717173576355
1.5605159997940063
1.5622081756591797
1.5660208463668823
1.5736702680587769
1.5780675411224365
1.5783253908157349
1.5802711248397827
1.5813853740692139
1.5870285034179688
1.591184139251709
1.5968043804168701
1.6026405096054077
1.6064884662628174
1.607849359512329
1.6089814901351929
1.613254189491272
1.616972804069519
1.6185743808746338
1.6313163042068481
1.648454189300537
1.6632308959960938
1.6775048971176147
1.6826410293579102
1.6882802248001099
1.6816874742507935
1.6668508052825928
1.631219744682312
1.5898041725158691
1.5842382907867432
1.5453498363494873
1.5312676429748535
1.5760196447372437
1.5854356288909912
1.6013954877853394
1.620242714881897
1.6284469366073608
1.640573501586914
1.6439346075057983
1.6573623418807983
1.6645517349243164
1.6658657789230347
1.6699377298355103
1.6804159879684448
1.6895889043807983
1.6891791820526123
1.6898022890090942
1.688111424446106
1.6894876956939697
1.6937134265899658
1.7039824724197388
1.7113789319992065
1.7193903923034668
1.7270872592926025
1.7361347675323486
1.7631618976593018
1.7747831344604492
1.781996250152588
1.780684471130371
1.7459796667099
1.6918872594833374
1.6434199810028076
1.6107258796691895
1.5672798156738281
1.5515094995498657
1.5537946224212646
1.55881667137146
1.5744751691818237
1.5549672842025757
1.50637948513031
1.4604963064193726
1.4107195138931274
1.4107195138931274
1.3972198963165283
1.4045515060424805
1.4147350788116455
1.4172205924987793
1.4086467027664185
1.3788598775863647
1.383453369140625
1.3825138807296753
1.360475778579712
1.3470423221588135
1.2941538095474243
1.3003818988800049
1.3115652799606323
1.3421181440353394
1.3898285627365112
1.4057196378707886
1.4208699464797974
1.4502861499786377
1.5261751413345337
1.6209360361099243
1.7192909717559814
1.7965342998504639
1.8049288988113403
1.7876688241958618
1.7538944482803345
1.6944830417633057
1.695821762084961
1.844069004058838
1.9607658386230469
1.9840601682662964
1.980635643005371
1.9755909442901611
1.9124761819839478
1.8282735347747803
1.8010293245315552
1.7314928770065308
1.6219760179519653
1.5848963260650635
1.5773594379425049
1.558385968208313
1.5593996047973633
1.5645462274551392
1.5559347867965698
1.5308886766433716
1.4649803638458252
1.404989242553711
1.3369492292404175
1.2953503131866455
1.303633213043213
1.3384437561035156
1.3882273435592651
1.4020941257476807
1.4112615585327148
1.43193519115448
1.4519891738891602
1.4613457918167114
1.4706555604934692
1.4895267486572266
1.4991124868392944
1.5078727006912231
1.5163416862487793
1.5248956680297852
1.5333830118179321
1.5502042770385742